0.0576490000000000	-0.343982000000000	0.322200000000000	-0.111733000000000	0.100222000000000	-0.308358000000000	0
0.0436020000000000	0.174354000000000	0.0246730000000000	-0.146359000000000	-0.140769000000000	-0.466392000000000	0
0.107990000000000	-0.0499410000000000	0.541417000000000	0.230034000000000	-0.637365000000000	0.0468980000000000	0
0.0171160000000000	-0.187989000000000	0.405948000000000	0.0615250000000000	-0.0889350000000000	-0.111860000000000	0
0.0637720000000000	0.269034000000000	-0.241230000000000	0.0251110000000000	-0.0290950000000000	0.680432000000000	0
0.00746700000000000	-0.315327000000000	0.409393000000000	0.594611000000000	0.0217210000000000	0.0235080000000000	0
0.0303200000000000	-0.176470000000000	0.186298000000000	0.657928000000000	0.0850240000000000	0.125622000000000	0
-0.0371020000000000	-0.184438000000000	0.0615010000000000	0.123022000000000	0.122981000000000	-0.631223000000000	0
0.0247400000000000	0.259986000000000	-0.503060000000000	-0.00441000000000000	0.431936000000000	-0.306557000000000	0
0.0538980000000000	-0.255378000000000	0.500505000000000	0.568553000000000	-0.283197000000000	0.196821000000000	0
-0.246067000000000	-0.176591000000000	0.632411000000000	-0.738135000000000	-0.734080000000000	0.572351000000000	0
-0.159691000000000	0.211354000000000	0.272819000000000	-0.614160000000000	-0.667437000000000	-0.322024000000000	0
0.0667500000000000	-0.216543000000000	0.177350000000000	-0.111929000000000	0.0357020000000000	-0.196086000000000	0
0.0462480000000000	0.497044000000000	-0.368759000000000	0.162859000000000	-0.113672000000000	0.563246000000000	0
0.0754160000000000	-0.182673000000000	0.730434000000000	0.244840000000000	-0.589305000000000	0.0907030000000000	0
0.0677120000000000	0.322184000000000	-0.357036000000000	-0.427908000000000	0.0964480000000000	-0.0323330000000000	0
0.119441000000000	0.189316000000000	-0.324246000000000	-0.438339000000000	0.139345000000000	0.145697000000000	0
0.0605840000000000	-0.148411000000000	0.188898000000000	-0.717456000000000	-0.0465850000000000	0.400937000000000	0
0.136807000000000	-0.212284000000000	0.255392000000000	-0.575142000000000	0.157780000000000	-0.571752000000000	0
0.180132000000000	-0.0295670000000000	0.306622000000000	0.565265000000000	-0.272029000000000	0.412877000000000	0
0.0986220000000000	-0.259372000000000	0.225525000000000	-0.311918000000000	0.0595500000000000	0.193971000000000	0
0.221936000000000	0.0540670000000000	0.548023000000000	0.412835000000000	-0.779033000000000	-0.0838880000000000	0
-0.125094000000000	-0.0729070000000000	0.450801000000000	-0.630881000000000	-0.528575000000000	-0.353588000000000	0
0.120130000000000	0.474183000000000	-0.605699000000000	-0.395277000000000	0.342968000000000	0.563178000000000	0
-0.0852820000000000	0.411016000000000	-0.0992530000000000	-0.359042000000000	-0.531952000000000	-0.503091000000000	0
0.0265920000000000	-0.282935000000000	0.211631000000000	-0.784691000000000	0.0975050000000000	-0.646002000000000	0
0.135917000000000	0.505624000000000	-0.308211000000000	0.386814000000000	-0.190283000000000	-0.452224000000000	0
0.0991490000000000	-0.338014000000000	0.416783000000000	-0.0850220000000000	0.0976310000000000	0.0693990000000000	0
0.0406070000000000	-0.0941000000000000	0.0210010000000000	-0.125821000000000	0.240058000000000	0.191250000000000	0
-0.109487000000000	-0.0804050000000000	0.653011000000000	-0.463533000000000	-0.696831000000000	0.385004000000000	0
0.0405560000000000	-0.0268690000000000	0.271206000000000	0.513375000000000	-0.202921000000000	-0.426295000000000	0
0.174190000000000	0.176647000000000	0.248079000000000	0.185288000000000	-0.533046000000000	0.556931000000000	0
-0.00391300000000000	-0.0281880000000000	0.0966600000000000	-0.615806000000000	-0.0488400000000000	-0.171117000000000	0
-0.00298500000000000	-0.342765000000000	0.417941000000000	-0.429838000000000	0.0778070000000000	-0.462062000000000	0
0.340084000000000	0.277944000000000	0.0700820000000000	0.724071000000000	-0.481344000000000	-0.657031000000000	0
0.106992000000000	0.0282230000000000	-0.0823650000000000	-0.740037000000000	0.270859000000000	0.0509400000000000	0
0.0220100000000000	-0.00877600000000000	0.0222150000000000	0.565544000000000	0.0389850000000000	-0.308869000000000	0
0.117262000000000	-0.202666000000000	0.619948000000000	0.220383000000000	-0.518276000000000	-0.335143000000000	0
-0.142881000000000	0.403452000000000	-0.121972000000000	-0.678322000000000	-0.536179000000000	-0.524199000000000	0
0.0103080000000000	0.169931000000000	0.256434000000000	-0.0769660000000000	-0.677811000000000	-0.0431370000000000	0
0.0118240000000000	-0.324438000000000	0.336904000000000	-0.130914000000000	0.0503400000000000	0.236195000000000	0
0.0214960000000000	0.385857000000000	0.122496000000000	-0.109517000000000	-0.599861000000000	0.0515440000000000	0
0.0965330000000000	-0.101579000000000	0.228745000000000	0.747928000000000	-0.0815570000000000	-0.598093000000000	0
0.0596760000000000	0.0713430000000000	-0.00864500000000000	0.498489000000000	0.00498500000000000	-0.557652000000000	0
0.0820370000000000	0.264248000000000	-0.0872160000000000	0.535704000000000	-0.0298140000000000	-0.519049000000000	0
0.181539000000000	-0.00400000000000000	-0.0257830000000000	-0.725893000000000	0.224151000000000	-0.519932000000000	0
0.385006000000000	-0.0954580000000000	0.684739000000000	0.469569000000000	-0.736464000000000	0.768442000000000	0
0.00945100000000000	0.200584000000000	-0.147189000000000	0.330804000000000	0.0711190000000000	-0.320015000000000	0
-0.0147510000000000	-0.0456640000000000	-0.0149190000000000	0.00401600000000000	0.0599690000000000	-0.601439000000000	0
0.0982270000000000	0.107138000000000	-0.0577210000000000	-0.666988000000000	0.164221000000000	0.215094000000000	0
0.00244500000000000	-0.117801000000000	0.161584000000000	-0.487308000000000	-0.0666680000000000	0.378393000000000	0
0.0332990000000000	0.0289980000000000	0.103959000000000	0.683335000000000	0.0889960000000000	0.0455580000000000	0
-0.0571410000000000	-0.185815000000000	0.000499000000000000	0.508376000000000	0.385730000000000	-0.0575740000000000	0
-0.0590980000000000	-0.0744850000000000	-0.181185000000000	0.392741000000000	0.450344000000000	0.517700000000000	0
0.0927000000000000	0.105338000000000	-0.213104000000000	-0.491122000000000	0.186043000000000	0.541754000000000	0
0.335520000000000	0.224573000000000	0.166826000000000	0.426756000000000	-0.618515000000000	-0.333693000000000	0
0.0836760000000000	0.156977000000000	-0.0714800000000000	-0.356290000000000	0.0210060000000000	-0.712532000000000	0
-0.0133280000000000	0.265416000000000	-0.392123000000000	0.606800000000000	0.382827000000000	0.396319000000000	0
0.177694000000000	0.459243000000000	0.204626000000000	0.392149000000000	-0.763157000000000	-0.0629700000000000	0
0.0583930000000000	0.383414000000000	-0.365381000000000	-0.123080000000000	0.102689000000000	0.326425000000000	0
0.0296920000000000	-0.284257000000000	0.215250000000000	0.00349600000000000	0.105865000000000	-0.590281000000000	0
0.127767000000000	0.453032000000000	0.0428880000000000	0.362899000000000	-0.585209000000000	-0.588267000000000	0
-0.0434520000000000	0.0307860000000000	-0.0873600000000000	0.504611000000000	0.310930000000000	0.236188000000000	0
0.00503100000000000	-0.346978000000000	0.231466000000000	-0.242819000000000	0.266686000000000	0.00383200000000000	0
0.0577550000000000	0.530645000000000	-0.508821000000000	-0.596138000000000	0.123766000000000	0.381916000000000	0
0.0219310000000000	0.0133220000000000	0.416892000000000	0.0699860000000000	-0.631378000000000	-0.377241000000000	0
-0.0209950000000000	-0.338798000000000	0.521574000000000	-0.664674000000000	-0.106228000000000	-0.523436000000000	0
0.0285150000000000	-0.0870380000000000	0.179234000000000	-0.578512000000000	-0.0516590000000000	-0.334826000000000	0
-0.0559060000000000	0.590614000000000	-0.181537000000000	-0.548716000000000	-0.637394000000000	-0.693053000000000	0
0.383115000000000	-0.0989780000000000	0.613819000000000	0.597084000000000	-0.706483000000000	-0.412929000000000	0
-0.0242950000000000	0.308262000000000	0.00443800000000000	-0.390465000000000	-0.379326000000000	0.137963000000000	0
-0.196807000000000	0.104953000000000	0.326927000000000	-0.582943000000000	-0.565173000000000	0.288894000000000	0
0.0148840000000000	0.105986000000000	0.350371000000000	0.142248000000000	-0.487233000000000	-0.573053000000000	0
0.0663820000000000	0.483877000000000	-0.612449000000000	-0.422457000000000	0.286897000000000	-0.289225000000000	0
0.0934950000000000	0.345176000000000	-0.471993000000000	-0.735314000000000	0.242906000000000	-0.357347000000000	0
0.227717000000000	-0.125405000000000	0.697325000000000	0.533943000000000	-0.708455000000000	-0.625222000000000	0
0.0747240000000000	0.00778400000000000	0.258303000000000	0.119203000000000	-0.0921860000000000	0.0548670000000000	0
0.0913070000000000	0.335824000000000	-0.254984000000000	0.555456000000000	-0.0103550000000000	-0.152224000000000	0
0.00862900000000000	0.372017000000000	-0.324943000000000	-0.271236000000000	0.154349000000000	-0.419951000000000	0
0.104125000000000	-0.193672000000000	0.287469000000000	-0.195709000000000	0.119896000000000	0.0651530000000000	0
0.101922000000000	-0.186103000000000	0.149731000000000	-0.0720280000000000	0.193168000000000	-0.206472000000000	0
-0.0747350000000000	0.220336000000000	-0.381625000000000	0.697266000000000	0.300148000000000	0.138504000000000	0
0.129413000000000	0.239498000000000	-0.366086000000000	-0.640201000000000	0.231007000000000	-0.470295000000000	0
0.111081000000000	-0.262901000000000	0.572154000000000	0.250952000000000	-0.353799000000000	0.740936000000000	0
0.0594840000000000	0.312119000000000	-0.126283000000000	0.285459000000000	-0.0941190000000000	-0.228907000000000	0
0.0225170000000000	0.129034000000000	0.120366000000000	-0.0583060000000000	-0.122015000000000	0.0817590000000000	0
0.0538040000000000	0.00958000000000000	0.107350000000000	0.683052000000000	-0.0194970000000000	0.127924000000000	0
0.0158790000000000	-0.163565000000000	0.340236000000000	-0.525049000000000	-0.0108490000000000	0.631898000000000	0
0.0898280000000000	-0.209014000000000	-0.0138610000000000	-0.269856000000000	0.408301000000000	0.641018000000000	0
-0.170155000000000	0.106250000000000	-0.255673000000000	0.737529000000000	0.464395000000000	0.265536000000000	0
0.334381000000000	-0.199072000000000	0.547796000000000	0.780607000000000	-0.546555000000000	0.134180000000000	0
0.0365110000000000	0.251942000000000	-0.371829000000000	-0.273504000000000	0.141046000000000	-0.783056000000000	0
0.0195650000000000	0.358025000000000	-0.274235000000000	0.179767000000000	0.124788000000000	-0.421375000000000	0
0.111110000000000	0.287936000000000	0.212471000000000	0.0505410000000000	-0.767196000000000	0.102102000000000	0
-0.00205700000000000	0.274652000000000	-0.305612000000000	0.453670000000000	0.226160000000000	0.462849000000000	0
0.264829000000000	0.181865000000000	0.238122000000000	0.287288000000000	-0.679450000000000	0.768554000000000	0
0.110661000000000	0.205153000000000	0.0410120000000000	0.495632000000000	-0.221858000000000	-0.309339000000000	0
0.0469830000000000	-0.195419000000000	0.314347000000000	-0.184371000000000	-0.0375270000000000	-0.117963000000000	0
-0.00568900000000000	-0.0529130000000000	0.508634000000000	-0.0206590000000000	-0.547667000000000	-0.514977000000000	0
0.457608000000000	0.00763900000000000	0.381054000000000	0.766865000000000	-0.696830000000000	0.600093000000000	0
-0.0796000000000000	0.383300000000000	-0.0670220000000000	-0.753080000000000	-0.488273000000000	0.718489000000000	0
0.209124000000000	-0.289243000000000	0.186446000000000	-0.413669000000000	0.307593000000000	-0.774518000000000	0
0.0417770000000000	0.393418000000000	-0.518652000000000	-0.137173000000000	0.250511000000000	-0.247516000000000	0
-0.0275650000000000	0.414655000000000	-0.450971000000000	0.666108000000000	0.321638000000000	0.201252000000000	0
0.257474000000000	0.386981000000000	0.00277000000000000	0.384154000000000	-0.600807000000000	-0.210007000000000	0
-0.0122150000000000	0.00436400000000000	0.218321000000000	-0.201582000000000	-0.162535000000000	-0.406217000000000	0
0.116598000000000	0.424082000000000	-0.295406000000000	0.626381000000000	-0.149383000000000	-0.546683000000000	0
-0.284693000000000	0.0399210000000000	0.385119000000000	-0.636906000000000	-0.728837000000000	-0.408182000000000	0
-0.00659500000000000	0.336215000000000	-0.315432000000000	-0.441778000000000	-0.0331440000000000	-0.632834000000000	0
0.0291440000000000	-0.00160100000000000	-0.0381620000000000	-0.314625000000000	0.173427000000000	0.281169000000000	0
-0.190780000000000	0.486139000000000	-0.0850060000000000	-0.586631000000000	-0.718433000000000	0.497646000000000	0
-0.106705000000000	0.370917000000000	0.0501690000000000	-0.367331000000000	-0.596074000000000	-0.451970000000000	0
0.232616000000000	0.303783000000000	0.135326000000000	0.325539000000000	-0.556516000000000	0.642681000000000	0
0.0634710000000000	0.0637600000000000	0.140497000000000	0.298368000000000	-0.142308000000000	0.777305000000000	0
0.0328000000000000	0.384262000000000	0.183904000000000	0.0229520000000000	-0.643372000000000	-0.341530000000000	0
0.0528230000000000	-0.0545430000000000	0.100452000000000	-0.322844000000000	0.0492730000000000	0.395106000000000	0
0.0745460000000000	0.206356000000000	-0.147182000000000	-0.778220000000000	0.110409000000000	0.631771000000000	0
0.224772000000000	0.373424000000000	0.00654800000000000	0.638307000000000	-0.533678000000000	0.315604000000000	0
0.0143060000000000	0.538727000000000	-0.440918000000000	-0.575037000000000	-0.0433870000000000	-0.683626000000000	0
0.0744540000000000	0.0142260000000000	-0.00367100000000000	-0.479070000000000	0.0165810000000000	-0.653429000000000	0
-0.152388000000000	0.0750530000000000	0.518957000000000	-0.392329000000000	-0.740891000000000	-0.114998000000000	0
-0.0264600000000000	0.403574000000000	-0.616281000000000	0.723547000000000	0.400302000000000	0.100115000000000	0
0.0704130000000000	0.536179000000000	-0.449124000000000	0.0966380000000000	-0.0816320000000000	-0.0349040000000000	0
0.0118950000000000	-0.210422000000000	0.229744000000000	-0.763061000000000	0.125224000000000	-0.303101000000000	0
0.188682000000000	-0.0745980000000000	0.499390000000000	0.195219000000000	-0.633181000000000	-0.477377000000000	0
-0.109983000000000	-0.0463000000000000	0.523321000000000	-0.488937000000000	-0.661886000000000	-0.361198000000000	0
-0.0791860000000000	-0.316008000000000	0.276054000000000	0.762999000000000	0.324198000000000	-0.0457980000000000	0
0.0241170000000000	-0.309642000000000	0.516672000000000	0.416741000000000	-0.0790650000000000	0.276233000000000	0
0.0152790000000000	-0.192665000000000	0.639089000000000	0.205741000000000	-0.542070000000000	-0.758993000000000	0
0.227856000000000	-0.0474600000000000	-0.0793840000000000	-0.599039000000000	0.285733000000000	-0.0460680000000000	0
0.0481190000000000	0.415633000000000	-0.426338000000000	-0.618539000000000	0.190752000000000	0.417827000000000	0
0.0676190000000000	-0.213489000000000	0.459437000000000	0.379511000000000	-0.286756000000000	-0.522504000000000	0
0.0883380000000000	0.0886890000000000	-0.162852000000000	-0.325010000000000	0.206614000000000	0.374972000000000	0
0.0381380000000000	-0.169935000000000	0.381242000000000	0.437060000000000	-0.0401870000000000	-0.135632000000000	0
0.0716070000000000	0.431831000000000	-0.256326000000000	0.520763000000000	-0.0137730000000000	0.0601070000000000	0
0.124224000000000	0.149419000000000	0.126537000000000	0.483348000000000	-0.274793000000000	-0.101004000000000	0
0.0990820000000000	-0.192208000000000	0.455145000000000	0.490949000000000	-0.316275000000000	0.213634000000000	0
0.0277960000000000	-0.00547700000000000	-0.0816180000000000	0.208174000000000	0.205474000000000	-0.0614440000000000	0
0.0547230000000000	0.132410000000000	-0.113071000000000	-0.285435000000000	0.143647000000000	-0.0987490000000000	0
-0.0826190000000000	0.499016000000000	-0.617265000000000	0.618265000000000	0.329764000000000	0.339076000000000	0
0.0969990000000000	0.477992000000000	-0.314892000000000	0.720671000000000	-0.0223730000000000	-0.429744000000000	0
0.200662000000000	0.463788000000000	0.0540630000000000	0.342146000000000	-0.573611000000000	-0.0333180000000000	0
0.0645680000000000	0.420991000000000	-0.594865000000000	-0.246786000000000	0.308363000000000	-0.361644000000000	0
0.0463770000000000	-0.0657610000000000	0.155188000000000	0.141652000000000	-0.0806420000000000	-0.104418000000000	0
0.0816370000000000	0.0959890000000000	-0.221879000000000	-0.131771000000000	0.296990000000000	0.531713000000000	0
0.193166000000000	0.500531000000000	-0.124458000000000	0.514296000000000	-0.589546000000000	-0.669568000000000	0
-0.110287000000000	0.579605000000000	-0.309986000000000	-0.720816000000000	-0.473834000000000	0.371048000000000	0
0.184322000000000	0.0997890000000000	0.0848790000000000	0.503184000000000	-0.201750000000000	0.226233000000000	0
0.123739000000000	0.476283000000000	0.172617000000000	0.378283000000000	-0.722472000000000	-0.0733860000000000	0
0.105859000000000	0.197631000000000	-0.376188000000000	-0.183855000000000	0.398115000000000	-0.122551000000000	0
0.113563000000000	0.493439000000000	-0.263077000000000	0.588307000000000	-0.355873000000000	0.387315000000000	0
0.0123400000000000	-0.305384000000000	0.380702000000000	0.156786000000000	0.0535740000000000	0.0142520000000000	0
0.0855400000000000	-0.284517000000000	0.534263000000000	0.516649000000000	-0.187017000000000	-0.483823000000000	0
0.0410750000000000	-0.208619000000000	0.604921000000000	0.363299000000000	-0.464998000000000	-0.366985000000000	0
0.275472000000000	0.170555000000000	0.156269000000000	0.647266000000000	-0.468225000000000	0.495047000000000	0
0.0715140000000000	-0.0730310000000000	0.281347000000000	-0.0733990000000000	-0.0803090000000000	-0.423733000000000	0
0.0566870000000000	-0.221659000000000	0.411210000000000	-0.0129240000000000	-0.0765830000000000	-0.559902000000000	0
0.109312000000000	0.301335000000000	-0.234671000000000	0.367139000000000	-0.0659170000000000	0.165808000000000	0
0.0251980000000000	-0.225795000000000	0.230028000000000	-0.367872000000000	0.184455000000000	0.201127000000000	0
0.103637000000000	-0.165466000000000	0.411903000000000	0.426232000000000	-0.230349000000000	-0.515870000000000	0
0.0538880000000000	-0.00649600000000000	0.266723000000000	0.483694000000000	-0.0581320000000000	-0.291880000000000	0
0.113687000000000	-0.127370000000000	0.278156000000000	-0.485837000000000	0.0778920000000000	-0.238887000000000	0
0.103222000000000	0.539275000000000	-0.0654740000000000	0.467738000000000	-0.588490000000000	0.215899000000000	0
-0.0109930000000000	0.216250000000000	-0.0271030000000000	-0.372762000000000	-0.159065000000000	-0.638600000000000	0
0.0650490000000000	0.305468000000000	-0.287504000000000	-0.0222460000000000	0.196329000000000	0.0947130000000000	0
0.0185770000000000	0.187110000000000	-0.362613000000000	-0.177090000000000	0.243901000000000	-0.421096000000000	0
-0.131396000000000	-0.168277000000000	-0.0338430000000000	0.776623000000000	0.490310000000000	-0.421900000000000	0
-0.251872000000000	0.418410000000000	-0.0298380000000000	-0.703085000000000	-0.605052000000000	-0.710293000000000	0
0.0677030000000000	-0.240499000000000	0.240123000000000	0.748036000000000	0.0121710000000000	0.697376000000000	0
0.0366520000000000	-0.150032000000000	-0.0943290000000000	-0.115659000000000	0.443136000000000	0.608640000000000	0
0.0880410000000000	-0.0693260000000000	0.682436000000000	0.346092000000000	-0.699029000000000	-0.290767000000000	0
0.101721000000000	0.359835000000000	0.168117000000000	0.306602000000000	-0.737648000000000	-0.343189000000000	0
-0.216911000000000	0.470005000000000	-0.232853000000000	-0.773464000000000	-0.525002000000000	-0.749188000000000	0
0.0604770000000000	-0.277643000000000	0.493700000000000	0.460221000000000	-0.170890000000000	0.346408000000000	0
0.0200540000000000	-0.170866000000000	0.324294000000000	0.318491000000000	0.0554700000000000	0.733843000000000	0
0.112056000000000	0.422125000000000	-0.537644000000000	-0.365643000000000	0.311740000000000	-0.452833000000000	0
0.0531010000000000	-0.167061000000000	0.0951530000000000	0.326146000000000	0.0595840000000000	-0.220383000000000	0
0.0420020000000000	0.0643900000000000	-0.0475270000000000	-0.468417000000000	0.0122840000000000	-0.589485000000000	0
-0.0675040000000000	0.131284000000000	0.371355000000000	-0.417649000000000	-0.599842000000000	-0.242411000000000	0
0.205047000000000	0.313651000000000	-0.0794890000000000	0.581490000000000	-0.276551000000000	-0.494679000000000	0
0.0290170000000000	0.0765670000000000	-0.106831000000000	0.369193000000000	0.0712760000000000	0.181928000000000	0
-0.0953480000000000	0.0653250000000000	-0.219949000000000	0.753312000000000	0.371041000000000	-0.138814000000000	0
-0.295215000000000	0.140826000000000	0.406567000000000	-0.626187000000000	-0.790851000000000	-0.254562000000000	0
-0.0192070000000000	-0.0317030000000000	0.101228000000000	0.0377540000000000	0.0375210000000000	-0.692534000000000	0
0.0100650000000000	-0.0693840000000000	0.0787300000000000	-0.187171000000000	0.153424000000000	-0.0523620000000000	0
0.122968000000000	0.357201000000000	-0.149252000000000	0.321319000000000	-0.128164000000000	0.480292000000000	0
-0.00221400000000000	0.412055000000000	-0.661707000000000	0.314049000000000	0.453707000000000	0.740409000000000	0
-0.229064000000000	0.495792000000000	-0.0596400000000000	-0.723818000000000	-0.648290000000000	0.758188000000000	0
0.0726970000000000	-0.226277000000000	0.224344000000000	-0.731483000000000	0.102096000000000	0.379012000000000	0
0.152446000000000	0.324319000000000	0.208956000000000	0.206745000000000	-0.676191000000000	-0.758934000000000	0
0.0177790000000000	-0.126004000000000	0.652032000000000	-0.0406970000000000	-0.572299000000000	0.247551000000000	0
0.231668000000000	-0.265876000000000	0.775387000000000	0.398809000000000	-0.753747000000000	0.0116860000000000	0
0.0673550000000000	-0.215004000000000	0.153167000000000	-0.124374000000000	0.229739000000000	-0.0515710000000000	0
0.0520630000000000	0.469789000000000	-0.350592000000000	-0.183528000000000	0.111381000000000	0.284592000000000	0
0.103208000000000	0.0814570000000000	0.602689000000000	0.244707000000000	-0.757304000000000	0.382787000000000	0
-0.0788280000000000	0.224366000000000	-0.421373000000000	0.727921000000000	0.282394000000000	-0.122062000000000	0
0.219384000000000	0.298032000000000	0.193955000000000	0.410653000000000	-0.726321000000000	0.105235000000000	0
-0.138672000000000	-0.303700000000000	0.153392000000000	0.665320000000000	0.473035000000000	0.742084000000000	0
0.331647000000000	0.135722000000000	0.182524000000000	0.699463000000000	-0.386119000000000	-0.515057000000000	0
0.0585480000000000	0.461425000000000	-0.366553000000000	0.551009000000000	-0.00935000000000000	-0.198566000000000	0
-0.142916000000000	0.556264000000000	-0.121608000000000	-0.432311000000000	-0.685731000000000	0.607492000000000	0
-0.00210400000000000	0.199919000000000	-0.295177000000000	0.565595000000000	0.248114000000000	0.633092000000000	0
-0.0831670000000000	0.444570000000000	0.189869000000000	-0.524395000000000	-0.764583000000000	0.454194000000000	0
0.0723060000000000	0.0515140000000000	0.190205000000000	0.122226000000000	-0.200441000000000	0.289774000000000	0
0.0935300000000000	-0.270557000000000	0.563991000000000	0.680783000000000	-0.394141000000000	0.228502000000000	0
0.0653810000000000	0.530104000000000	-0.637802000000000	-0.571019000000000	0.238784000000000	-0.634418000000000	0
0.0690090000000000	-0.0749700000000000	0.308755000000000	0.784485000000000	-0.189185000000000	-0.438006000000000	0
0.176058000000000	0.274059000000000	0.447501000000000	0.146845000000000	-0.790278000000000	0.0644830000000000	0
0.106337000000000	-0.153188000000000	-0.0598050000000000	-0.374422000000000	0.358466000000000	0.775087000000000	0
0.0113230000000000	-0.219737000000000	0.124238000000000	0.277661000000000	0.289709000000000	-0.0703190000000000	0
0.241489000000000	0.447851000000000	0.0159440000000000	0.337791000000000	-0.760368000000000	-0.712881000000000	0
0.0462580000000000	-0.251163000000000	0.469035000000000	-0.197212000000000	-0.167909000000000	-0.442443000000000	0
0.362887000000000	0.0841770000000000	0.369312000000000	0.510121000000000	-0.712276000000000	0.288478000000000	0
-0.0876780000000000	0.400982000000000	0.129880000000000	-0.437917000000000	-0.710988000000000	0.545948000000000	0
-0.111488000000000	-0.0927190000000000	-0.172766000000000	0.716716000000000	0.576734000000000	-0.203514000000000	0
-0.175947000000000	0.254357000000000	0.147075000000000	-0.571800000000000	-0.755108000000000	-0.576861000000000	0
0.0818620000000000	0.372061000000000	-0.508687000000000	-0.221498000000000	0.191875000000000	0.188286000000000	0
0.0145870000000000	-0.246231000000000	0.358060000000000	0.00818000000000000	-0.0898580000000000	-0.223715000000000	0
0.0395290000000000	0.0981010000000000	0.0533680000000000	-0.776450000000000	0.0397590000000000	-0.586726000000000	0
0.0626980000000000	0.107397000000000	-0.368313000000000	-0.0914110000000000	0.409285000000000	0.692639000000000	0
0.0869600000000000	-0.271132000000000	0.356400000000000	0.392074000000000	-0.0118570000000000	0.592913000000000	0
0.106181000000000	0.488401000000000	-0.0521350000000000	0.368753000000000	-0.648451000000000	0.511376000000000	0
0.0562290000000000	0.301277000000000	-0.351930000000000	-0.111865000000000	0.0598580000000000	0.580044000000000	0
0.0591000000000000	-0.0105790000000000	0.0465010000000000	-0.0242860000000000	0.0962090000000000	-0.324642000000000	0
0.0411030000000000	0.438610000000000	-0.596843000000000	0.0897350000000000	0.213265000000000	0.529632000000000	0
0.0173170000000000	-0.310681000000000	0.236119000000000	-0.234248000000000	0.123015000000000	-0.201734000000000	0
-0.0408940000000000	0.576709000000000	-0.174125000000000	-0.476979000000000	-0.567166000000000	0.387723000000000	0
0.0621060000000000	0.247041000000000	-0.171675000000000	-0.471728000000000	0.156996000000000	0.169578000000000	0
0.172103000000000	0.543841000000000	-0.275917000000000	0.302225000000000	-0.557285000000000	0.709621000000000	0
0.171582000000000	0.161840000000000	-0.304835000000000	-0.312046000000000	0.306586000000000	0.394125000000000	0
0.0706880000000000	0.169323000000000	0.0465710000000000	0.772902000000000	-0.118663000000000	-0.697854000000000	0
0.224228000000000	0.418303000000000	0.240862000000000	0.293495000000000	-0.730574000000000	0.0879980000000000	0
-0.00386600000000000	-0.152196000000000	0.382908000000000	-0.329619000000000	-0.208836000000000	0.220093000000000	0
0.0566640000000000	0.258611000000000	0.394362000000000	0.174238000000000	-0.709473000000000	-0.516726000000000	0
-0.00581100000000000	0.198289000000000	-0.331514000000000	0.772011000000000	0.225161000000000	-0.0455660000000000	0
0.0358190000000000	-0.173023000000000	0.0411070000000000	0.116225000000000	0.187159000000000	0.649196000000000	0
0.235284000000000	0.191251000000000	-0.330474000000000	-0.480116000000000	0.367586000000000	-0.723610000000000	0
0.0346300000000000	0.470359000000000	-0.448518000000000	-0.707691000000000	0.00344900000000000	0.412924000000000	0
0.103008000000000	-0.280190000000000	0.464083000000000	-0.727563000000000	0.0521740000000000	-0.706769000000000	0
0.163785000000000	0.0562800000000000	0.0885150000000000	0.726485000000000	-0.223369000000000	0.642915000000000	0
0.0963530000000000	0.519820000000000	-0.381698000000000	0.660139000000000	-0.140222000000000	0.210176000000000	0
0.216461000000000	0.0578850000000000	-0.253007000000000	-0.589066000000000	0.373914000000000	0.749825000000000	0
0.0174360000000000	-0.343694000000000	0.377329000000000	-0.739086000000000	-0.00955200000000000	-0.404435000000000	0
0.196985000000000	-0.0540160000000000	0.127960000000000	-0.705495000000000	0.169945000000000	0.280378000000000	0
0.0424850000000000	0.111317000000000	-0.177500000000000	-0.210302000000000	0.151538000000000	-0.134871000000000	0
0.0998770000000000	-0.00703400000000000	0.479537000000000	0.0641160000000000	-0.594040000000000	0.155348000000000	0
0.0379880000000000	0.422131000000000	-0.443506000000000	-0.476382000000000	0.0587950000000000	0.0597360000000000	0
0.0464220000000000	-0.249840000000000	0.310834000000000	0.0845130000000000	0.0178780000000000	0.426962000000000	0
0.106324000000000	-0.0104490000000000	0.117843000000000	-0.751685000000000	0.0520560000000000	-0.0234810000000000	0
0.0740860000000000	0.0746400000000000	-0.262172000000000	0.0768030000000000	0.203415000000000	0.224112000000000	0
-0.00558300000000000	-0.0831080000000000	0.701335000000000	-0.0600380000000000	-0.665827000000000	-0.252603000000000	0
-0.110628000000000	0.290983000000000	0.225224000000000	-0.471084000000000	-0.757113000000000	-0.0562540000000000	0
0.0775810000000000	0.0852500000000000	0.195342000000000	0.499025000000000	-0.178655000000000	-0.658148000000000	0
0.120713000000000	-0.174578000000000	0.170246000000000	-0.586532000000000	0.102604000000000	0.330396000000000	0
0.0521250000000000	0.442080000000000	-0.452878000000000	-0.638907000000000	0.141819000000000	-0.190798000000000	0
0.0368090000000000	0.214183000000000	-0.124272000000000	0.588230000000000	0.0426610000000000	0.0290360000000000	0
0.312936000000000	-0.0930350000000000	0.596772000000000	0.427939000000000	-0.578144000000000	0.482323000000000	0
-0.0324830000000000	-0.319866000000000	0.328860000000000	-0.376169000000000	0.0893460000000000	-0.369347000000000	0
0.157461000000000	-0.242419000000000	0.508455000000000	0.473373000000000	-0.286477000000000	0.657895000000000	0
0.164843000000000	-0.287044000000000	0.535999000000000	0.671615000000000	-0.222536000000000	-0.724825000000000	0
-0.0201540000000000	0.0940680000000000	0.147015000000000	-0.487046000000000	-0.0951550000000000	-0.178825000000000	0
0.0694110000000000	-0.0422580000000000	0.201464000000000	-0.0578020000000000	0.0628990000000000	-0.523004000000000	0
0.0906580000000000	0.0289450000000000	0.228867000000000	0.129684000000000	-0.104743000000000	0.615841000000000	0
0.305300000000000	-0.120135000000000	0.563581000000000	0.585062000000000	-0.628650000000000	0.419752000000000	0
0.0390940000000000	0.311559000000000	-0.283950000000000	-0.169840000000000	0.0861870000000000	-0.00824100000000000	0
0.0551740000000000	-0.238025000000000	0.152397000000000	0.122850000000000	0.248331000000000	-0.439668000000000	0
0.0736910000000000	-0.182818000000000	0.213466000000000	-0.270196000000000	0.164826000000000	0.388062000000000	0
0.0448680000000000	-0.117142000000000	-0.0230110000000000	-0.157872000000000	0.256989000000000	0.777155000000000	0
-0.141142000000000	0.456288000000000	-0.00742300000000000	-0.587970000000000	-0.604011000000000	0.124654000000000	0
0.0658180000000000	-0.197800000000000	0.303465000000000	0.414221000000000	0.000864000000000000	0.162840000000000	0
0.0900900000000000	-0.0212500000000000	0.0605830000000000	-0.183445000000000	0.163188000000000	-0.210593000000000	0
0.329925000000000	0.218814000000000	0.0779530000000000	0.699020000000000	-0.400857000000000	-0.0416910000000000	0
0.106182000000000	0.232391000000000	-0.315600000000000	-0.118436000000000	0.197327000000000	-0.313927000000000	0
-0.146093000000000	0.334494000000000	-0.0122260000000000	-0.593737000000000	-0.539553000000000	-0.584766000000000	0
0.108771000000000	-0.178001000000000	0.265009000000000	-0.675420000000000	0.118085000000000	0.00298400000000000	0
0.0485010000000000	0.155303000000000	0.359845000000000	-0.00844200000000000	-0.763695000000000	-0.362020000000000	0
0.0973410000000000	-0.0946860000000000	0.334550000000000	0.641417000000000	-0.324710000000000	0.377733000000000	0
0.203772000000000	0.118183000000000	0.343032000000000	0.683829000000000	-0.599449000000000	-0.733134000000000	0
0.0729000000000000	0.355983000000000	-0.410684000000000	0.0235530000000000	0.126097000000000	0.388367000000000	0
0.0576820000000000	0.377277000000000	-0.412005000000000	-0.167028000000000	0.0172210000000000	-0.0867930000000000	0
-0.239510000000000	0.00254900000000000	0.469842000000000	-0.764894000000000	-0.673788000000000	0.514774000000000	0
0.0865350000000000	0.259913000000000	0.301172000000000	0.0625150000000000	-0.598210000000000	0.0339320000000000	0
-0.145911000000000	-0.162530000000000	0.689822000000000	-0.542527000000000	-0.712026000000000	-0.147378000000000	0
0.255518000000000	-0.150873000000000	-0.00267100000000000	-0.783412000000000	0.465066000000000	0.454945000000000	0
-0.221226000000000	0.396790000000000	-0.0696070000000000	-0.667552000000000	-0.600147000000000	-0.272090000000000	0
-0.308894000000000	0.390537000000000	0.137050000000000	-0.653786000000000	-0.720790000000000	-0.451758000000000	0
-0.0630820000000000	0.528585000000000	-0.245173000000000	-0.440959000000000	-0.577742000000000	-0.342896000000000	0
0.0623240000000000	0.0565440000000000	-0.0353560000000000	0.649475000000000	-0.0406300000000000	-0.575133000000000	0
0.189483000000000	-0.325476000000000	0.326997000000000	-0.768179000000000	0.281888000000000	0.780319000000000	0
0.391020000000000	0.268962000000000	0.0796150000000000	0.644561000000000	-0.568136000000000	0.265845000000000	0
0.0116530000000000	-0.188681000000000	0.715009000000000	0.00404900000000000	-0.569016000000000	0.292189000000000	0
0.122504000000000	0.295500000000000	-0.297541000000000	-0.717496000000000	0.167664000000000	-0.154762000000000	0
0.0254540000000000	-0.0673530000000000	0.185685000000000	-0.0967400000000000	-0.0605700000000000	0.253361000000000	0
0.0826390000000000	0.174498000000000	0.223219000000000	0.0635260000000000	-0.557057000000000	-0.479810000000000	0
0.169227000000000	0.411655000000000	-0.0588960000000000	0.174097000000000	-0.466813000000000	-0.438746000000000	0
0.0668760000000000	0.333574000000000	-0.307888000000000	0.716339000000000	-0.0631220000000000	0.0116360000000000	0
-0.258276000000000	0.400462000000000	0.133802000000000	-0.631729000000000	-0.691838000000000	0.410683000000000	0
0.0815350000000000	0.358215000000000	0.338859000000000	0.175840000000000	-0.783443000000000	-0.410063000000000	0
0.231616000000000	0.462175000000000	-0.207338000000000	0.552264000000000	-0.417308000000000	0.342935000000000	0
0.0540260000000000	0.135855000000000	-0.133123000000000	-0.636310000000000	0.0419800000000000	0.417320000000000	0
