-0.410922074007430	0.910493376901791	0.0463126301499514	1.06005519478265
0.0529923625414505	0.0745685459776862	-0.995806879602189	2.39561281814897
-0.910129034041716	-0.406744812589845	-0.0788910566892383	0.660096337440625
0	0	0	1
-0.575650784038786	0.815184315696486	0.0640367572413145	1.07550638975145
0.0137416218232901	0.0879468967078232	-0.996030376639754	1.92504150403894
-0.817580175068596	-0.572485698338322	-0.0618286546262152	0.507209654645300
0	0	0	1
0.243109571810495	0.969595418019736	-0.0279725123871782	1.09881668955553
-0.133033397267473	0.00476294755037612	-0.991100110756783	2.17629578936697
-0.960832894579277	0.244667201900388	0.130146490573669	0.327582473330758
0	0	0	1
-0.0536618662959065	0.998491963647257	0.0115845862025665	1.01966866876689
0.129383655533383	0.0184560241161056	-0.991422838578296	2.24713474508527
-0.990141542299110	-0.0517027436957670	-0.130178924975860	0.466374301843195
0	0	0	1
0.646958657367820	0.759916395446277	0.0630203743940494	1.10501574438691
0.0420530515862139	0.0469636414295115	-0.998011000558595	1.85182019316072
-0.761364588426015	0.648322056015079	-0.00157326897457153	0.660758466684685
0	0	0	1
0.578265901613117	0.815602484002651	0.0200283579026114	1.01269324462792
0.104316602291634	-0.0495687601570366	-0.993308101498635	2.35745361264474
-0.809151774093030	0.576485495138603	-0.113744803735827	0.554300774294498
0	0	0	1
0.700388893542762	0.709019295277508	0.0821403477356378	1.05517837628879
0.113590520951017	0.00289247644838986	-0.993523440654559	2.24656144760086
-0.704664878755868	0.705183148199233	-0.0785120127356086	0.670449000211334
0	0	0	1
-0.486738683153860	0.873271170897507	-0.0219753589491318	0.959635988964669
0.0110775764310502	-0.0189839830975948	-0.999758418662311	2.27802679778808
-0.873477384722730	-0.486864529890038	-0.000433489206711335	0.810489484325275
0	0	0	1
-0.308767573054262	0.950858632381774	0.0230314362392817	1.03848181684089
0.174074442513335	0.0802988110558918	-0.981453100971555	1.92813575094741
-0.935072550283588	-0.299031707629932	-0.190313855349720	0.832776847176773
0	0	0	1
0.675438972804512	0.731044642869955	-0.0967260262180031	1.01471959764139
-0.0613741481212811	-0.0749836115274452	-0.995294263996678	2.30706784050842
-0.734857406548490	0.678197012772426	-0.00577961135250053	0.470176574613775
0	0	0	1
-0.0545656769843829	0.973333563304275	0.222810146628555	0.854287359983997
-0.131287345481050	0.214211779168452	-0.967924039675648	2.30766385123680
-0.989841512471454	-0.0820675831914670	0.116097769045475	0.340581820414101
0	0	0	1
-0.730966951832032	0.650860155050687	0.205105762709838	0.871197792002641
-0.206751038777158	0.0752115146186095	-0.975498455167071	1.95814172318748
-0.650339390852158	-0.755462961789769	0.0795888815719562	0.297654077078674
0	0	0	1
-0.302133704036094	0.951200995803567	0.0627047882360926	1.07959494640268
-0.0209379444331492	0.0591412356279853	-0.998030017951018	2.28952860747761
-0.953035585572934	-0.302851415434530	0.00204763301333670	0.733134931085984
0	0	0	1
0.661886912907608	0.749083755084021	0.0279149134130627	1.07935525987070
0.0323534050524911	0.00865718639433114	-0.999438997790882	1.65458830544376
-0.748905182051204	0.662418735387939	-0.0185053317694647	0.489851003009679
0	0	0	1
0.291009160148534	0.954932928734707	-0.0584531464319842	1.04609959822076
-0.0416671078316186	-0.0483890935644562	-0.997959091220156	2.30527198012090
-0.955812492508124	0.292850810554051	0.0257076238350112	0.232505028850157
0	0	0	1
-0.445503876646336	0.894851229794925	0.0277050975020151	1.10097534052513
0.0368848599328465	0.0492650926048913	-0.998104432290713	1.81647461693834
-0.894519872893174	-0.443637495242615	-0.0549542520105411	0.684471990796006
0	0	0	1
-0.282738513675740	0.957284414628022	0.0605432274884513	1.16542845645320
-0.0234352264171405	0.0562056849883110	-0.998144133448558	1.95865953973813
-0.958910696075089	-0.283632632969621	0.00654266516868553	0.821396067810138
0	0	0	1
-0.309788496682740	0.946412925710283	0.0912888896391581	1.08792210227324
-0.0220344421226218	0.0888403480966943	-0.995802126885861	2.21855883309371
-0.950550141067474	-0.310499543636638	-0.00666803704598181	0.671006441030791
0	0	0	1
-0.917696453212002	0.394214643618178	0.0492750902495814	1.13885635061695
0.0247898850880730	0.180609597375683	-0.983242409039152	2.28500703790678
-0.396508110080276	-0.901096547597862	-0.175517322643042	0.602855614473593
0	0	0	1
0.813701467200839	0.580149397671522	0.0362849646075676	1.20219630384692
0.0570575230325277	-0.0175947157564318	-0.998215840909592	2.12601930955475
-0.578475895211369	0.814320024535085	-0.0474187336459401	0.456080550199679
0	0	0	1
-0.118806027414528	0.989669180267552	0.0802498690250052	1.10987834127462
0.0146055305910378	0.0825554351037730	-0.996479442141674	2.32829375009094
-0.992810055512198	-0.117215672004126	-0.0242627267735622	0.710853403778934
0	0	0	1
0.242710632823036	0.967989323551816	-0.0639391758184214	1.21189488469051
-0.137754686777047	-0.0308519377353888	-0.989985759599061	2.14076937507761
-0.960268293231428	0.249087991335731	0.125856972737833	0.234225761742055
0	0	0	1
-0.786272149685842	0.592001259512798	0.176948058377779	0.932525428642688
-0.176571907973452	0.0591542894457316	-0.982508590982687	2.17484327308695
-0.592113560006035	-0.803763198196727	0.0580194215892274	0.400126540936072
0	0	0	1
0.166250459588946	0.986015455978784	-0.0115890145144155	1.17120123713939
0.182059306027200	-0.0422430054398869	-0.982379731865586	1.72586166587524
-0.969131154062936	0.161211193973485	-0.186536208716390	0.671999758530388
0	0	0	1
-0.736701997764570	0.669393217717430	0.0958273789874059	0.908986305984692
-0.194601608254527	-0.0741522046744364	-0.978075490239211	1.74270879058145
-0.647611288161690	-0.739198329689553	0.184893074044789	0.427244113656325
0	0	0	1
-0.988940574992817	0.142229587114774	-0.0420390732775776	1.00791367233794
0.0414524530360630	-0.00708622325207502	-0.999115348484506	2.35119480302729
-0.142401661753540	-0.989808329925134	0.00111208841722081	0.746368331055543
0	0	0	1
-0.0756520447527104	0.995022595689037	0.0648598658107304	1.22792058203259
0.0188337619998108	0.0664605479930263	-0.997611289515812	1.66072282313217
-0.996956397007245	-0.0742497786442406	-0.0237678951026994	0.422758411962922
0	0	0	1
-0.0329949909262206	0.995473369213239	0.0891296906817276	1.10806315281248
0.174368780998364	0.0935440680236409	-0.980227032656585	2.38587201075518
-0.984127460640604	-0.0168011465332060	-0.176665963581689	0.540687155369734
0	0	0	1
0.0625901044688590	0.997986113529734	0.0103051455300142	1.04334969217118
0.166090523000022	-0.000234082572428952	-0.986110482337009	2.19132858344550
-0.984122155523468	0.0634323451179818	-0.165770686795575	0.723935806997660
0	0	0	1
0.00973178850702416	0.983266034529300	0.181915358432104	0.956275946677435
-0.0645888356454027	0.182162178149951	-0.981144853302323	2.23235488006881
-0.997864507136327	-0.00220140698005228	0.0652807720916541	0.236798013717720
0	0	0	1
0.0742430510897870	0.995557120952826	-0.0579136278003702	1.02414476955498
0.0648619751469586	-0.0627716616236178	-0.995917989935439	2.10535070481295
-0.995128581412932	0.0701835979209570	-0.0692341609175329	0.477944883880741
0	0	0	1
0.666756013842694	0.740931003354444	0.0803596059769934	1.23803027195348
-0.0198145164097791	0.125410739526932	-0.991907017492444	1.97071866163919
-0.745012619318658	0.659767682354543	0.0982995543045221	0.360940176963862
0	0	0	1
-0.707678499482510	0.706112893054430	0.0244074503479202	1.00389106046666
0.00402132028870495	0.0385701681760822	-0.999247802654579	2.10626230671211
-0.706523156275375	-0.707048035418508	-0.0301347848425939	0.647650073756450
0	0	0	1
-0.776976150349017	0.628540236966388	-0.0352878492268720	0.985996202894585
0.119219380613751	0.0918712128452417	-0.988608324634391	2.38354154610015
-0.618138173125472	-0.772332085805440	-0.146315919026344	0.552557662773332
0	0	0	1
0.0137891416006173	0.999472433096991	0.0294060376980575	1.45104222033573
-0.0214857094841397	0.0296982130785766	-0.999327964398026	1.92290952589720
-0.999674058812112	0.0131480652234809	0.0218838872003538	0.382045768646398
0	0	0	1
-0.631682038428287	0.771576448500648	-0.0751504254559494	1.09232907092422
0.160983337963711	0.0357302970743701	-0.986310149379514	2.08395541702202
-0.758328535151583	-0.635132372021852	-0.146781139063406	0.716980773429604
0	0	0	1
0.252113391499812	0.966725395970883	0.0433687284965014	1.03797329754274
0.0583296836243996	0.0295536019150880	-0.997859826138984	2.09584046288235
-0.965938137685194	0.254103509221705	-0.0489379276888058	0.690400613209359
0	0	0	1
-0.133421159000299	0.991018370535437	0.00902128551280774	1.10668647309659
-0.0892017720800227	-0.00294254906843853	-0.996009229506817	2.29094936234202
-0.987036898088820	-0.133693420429977	0.0887931931227438	0.360597290689111
0	0	0	1
-0.898245251221572	0.398913460850087	0.184454654076552	0.856233290849293
-0.224917752306782	-0.0566715428318102	-0.972728297588966	1.75654115194441
-0.377581081829002	-0.915235700235556	0.140627663207395	0.442049900013526
0	0	0	1
-0.101433972846393	0.993082382936946	0.0591483715149891	1.03203422320014
-0.250239385449138	0.0320741755739574	-0.967652570518618	1.96658682402749
-0.962855855838575	-0.112954096700956	0.245254914152267	0.408982111225766
0	0	0	1
0.104445543121033	0.994516975419862	0.00520712241862555	1.01116265747848
0.0639295103961655	-0.00148885080777439	-0.997953306033794	2.37197218255770
-0.992473750898561	0.104564663844926	-0.0637344871505113	0.640627536950327
0	0	0	1
-0.0386074814567776	0.995712490201848	0.0840600929787756	1.05733525477409
-0.0888941052773474	0.0803669130212219	-0.992793532079243	1.79580270243996
-0.995292570263892	-0.0458017046350370	0.0854102068257675	0.233304859404492
0	0	0	1
0.140093459845736	0.989257330078071	0.0417583212696206	1.11039819083353
0.0749116879142455	0.0314636203879868	-0.996693673906843	2.17332200452283
-0.987300390723254	0.142758451514739	-0.0696990889382624	0.578189384046494
0	0	0	1
-0.0635020902060638	0.996058910251010	0.0619203669969012	1.08914359110218
0.0650169833589777	0.0660428758237734	-0.995696304315640	2.02140535842900
-0.995861574926134	-0.0592029210638769	-0.0689546062503805	0.637849305505280
0	0	0	1
0.00286401208354503	0.997783740290435	0.0664786059331496	1.13059385328622
0.154597324780968	0.0652378429905077	-0.985821328138377	1.85317707905098
-0.987973412904089	0.0131008188284377	-0.154067854988220	0.478745983316808
0	0	0	1
-0.950935031293914	0.307721003397861	0.0320990704827649	1.20425451795992
0.0124893835285624	0.141844649029507	-0.989810138784592	2.11832946756693
-0.309138450466971	-0.940844237697989	-0.138728291394978	0.698754871052380
0	0	0	1
0.914057591606148	0.398303182032795	0.0765068259027808	1.37465699138043
0.0358649808676894	0.108517452187493	-0.993447364342015	2.30990983887331
-0.403995572221440	0.910812021085188	0.0849060649905896	0.228686020991432
0	0	0	1
0.00852242063464576	0.999425291920732	0.0328093617080018	1.02278393598387
0.123917609625248	0.0315021001078952	-0.991792339007293	1.90760529912025
-0.992255911734111	0.0125181291714250	-0.123577919025838	0.612105517912139
0	0	0	1
-0.562165269327130	0.826898007821764	-0.0144877404295283	0.980029892830325
0.00941784735672213	-0.0111160215267124	-0.999893863475811	2.14040644851145
-0.826971289775843	-0.562242046387333	-0.00153855798183256	0.770120804325057
0	0	0	1
-0.446488813647079	0.894777688194744	-0.00454180546635473	1.11446752772973
0.161942496563185	0.0758142568936718	-0.983883543036747	1.99852269541820
-0.880012708484887	-0.440028507213488	-0.178752750313283	0.610488035318487
0	0	0	1
-0.107861826060821	0.993593575372267	0.0337288223598104	1.01353138168962
-0.0173029605118252	0.0320454152721882	-0.999336629428522	2.18826982160383
-0.994015308753518	-0.108373882181029	0.0137356333913341	0.678410322661421
0	0	0	1
0.656329162242195	0.749160888026587	0.0893867699476467	1.06674470201270
0.211120701446638	-0.0686211141491866	-0.975048302451527	2.06008336181085
-0.724334232389398	0.658824033065081	-0.203201410538221	0.532880266791061
0	0	0	1
0.412472494738884	0.901896801097069	0.128252100391204	0.992416588221859
0.194261360966827	0.0504656496205267	-0.979650826490589	2.30427203415900
-0.890016272165401	0.428993447944432	-0.154388007635148	0.812263934920587
0	0	0	1
0.769716867763077	0.628920382145747	0.109522127456718	0.980126397895903
0.187323211354207	-0.0585024785972040	-0.980554676948680	2.22967297622069
-0.610283506223906	0.775265511240911	-0.162841730251873	0.880330473502928
0	0	0	1
0.0531345402013133	0.998572950772003	0.00536494399701034	1.10855515049664
0.0585495457244219	0.00224793159603937	-0.998281972941014	2.02192977256859
-0.996869435449327	0.0533573686573425	-0.0583465498286367	0.787863878485765
0	0	0	1
0.0791060815943488	0.992913956166900	0.0886797806931488	1.44719619771136
-0.168914532174278	0.101023207678014	-0.980439795362668	1.97792664771365
-0.982451071898816	0.0625794467812051	0.175709146504743	0.406858001340214
0	0	0	1
-0.878443661106529	0.471790714249775	0.0758304438167480	1.12779946776837
-0.0157218672970142	0.130070424531964	-0.991380102458572	1.94745804389282
-0.477587224651636	-0.872063762926635	-0.106842108926140	0.596224808528652
0	0	0	1
0.808798277240179	0.552617826346120	0.201143940345734	1.04919993641197
0.272492017029022	-0.0490584005189832	-0.960906537595605	1.89414433189852
-0.521146282140412	0.831989670214125	-0.190262295971160	0.733944894244087
0	0	0	1
0.233213034852600	0.968414855174019	-0.0882289558655413	1.21481525211971
-0.0749468965609496	-0.0725608352942120	-0.994544060299638	1.81352160817803
-0.969533208853994	0.238553125026041	0.0556575553684111	0.0702395769632096
0	0	0	1
0.195328276169163	0.979690915576271	0.0453053469925035	1.09762600289575
0.128847016140382	0.0201603917041810	-0.991459532728419	1.75858634126819
-0.972237270917189	0.199497540194515	-0.122292356653368	0.596754949307431
0	0	0	1
-0.554120849799989	0.831892959658179	0.0300697104757044	1.03422948659819
0.0149863512659021	0.0460860131654520	-0.998825054084172	2.35200773969518
-0.832301323495687	-0.553019152526989	-0.0380042608882021	0.731138630267254
0	0	0	1
-0.271664289168868	0.959922418856249	-0.0689018415395564	1.16012314615429
-0.0350394731350123	-0.0814124579534018	-0.996064378949678	1.74789022058488
-0.961753996255173	-0.268180837248216	0.0557520333266108	0.209719282395749
0	0	0	1
0.663106208474877	0.740908349945204	0.106512784507528	0.987425649413258
0.231442269707020	-0.0676205154211362	-0.970495719561422	2.08212225333300
-0.711845932821798	0.668193297538710	-0.216317093752228	0.696065817595191
0	0	0	1
-0.228373284877803	0.971829995451653	-0.0582417607439970	0.984578351563801
0.153775456907524	-0.0230648734533613	-0.987836585911588	2.41907443858105
-0.961352563634697	-0.234551639416611	-0.144176200671180	0.718972700594903
0	0	0	1
-0.216148246630188	0.976285937995447	-0.0120707394572614	1.08459725471446
0.125825042092891	0.0155933158230702	-0.991929890306752	1.64063844864793
-0.968218980531273	-0.215922707870182	-0.126211687117282	0.534105716523295
0	0	0	1
-0.312478851320000	0.949741290353327	-0.0186667853614569	1.01740497861971
-0.180674613369919	-0.0787137409774336	-0.980388102266122	2.10213698232013
-0.932584393801099	-0.302977933815872	0.196190519799764	0.402475517523150
0	0	0	1
-0.925188919061247	0.376852557161631	0.0448064081021941	0.998048471109013
-0.00365247249295593	0.109217365628073	-0.994011180264061	2.37487298923011
-0.379489292985941	-0.919811783576403	-0.0996702528492211	0.473146799939631
0	0	0	1
-0.790941707582721	0.609249748758486	0.0567975249799796	1.04763928530311
-0.0141650212559466	0.0745670889100893	-0.997115390225371	2.15786162566356
-0.611727527073082	-0.789464687550493	-0.0503481849906745	0.616993655721549
0	0	0	1
-0.885693489487344	0.385980095684341	0.258004667429175	0.997809507269436
-0.293105796670721	-0.0338978094233308	-0.955478901114160	1.62419703984590
-0.360050044629568	-0.921884105650926	0.143156072558726	0.251396606012895
0	0	0	1
0.0994367299828005	0.995003544141833	0.00896012698122094	1.35887636961044
-0.0908306962471618	0.0180436860696951	-0.995702872353130	2.28830696732317
-0.990889560621961	0.0981955830891099	0.0921710698224027	0.292344321080244
0	0	0	1
-0.225669519579846	0.967117649217497	0.117289046822897	1.00581127573982
-0.0637451901390004	0.105477899513255	-0.992376422255393	1.81883652263614
-0.972116154925297	-0.231425723043689	0.0378459515267051	0.410373990756601
0	0	0	1
-0.228077063090014	0.968135095451707	0.103418036371551	0.808166250517748
-0.0726325301744776	0.0890036374353792	-0.993379518655245	2.03890825378545
-0.970930156526559	-0.234078596796001	0.0500184133027772	0.347657885753232
0	0	0	1
-0.432927413731825	0.900006645211713	-0.0506151460951259	1.00042095214340
4.83702810918571e-06	-0.0561475916432558	-0.998422479679452	2.02011169788300
-0.901428784994176	-0.432244706766225	0.0243034782799440	0.318233038585036
0	0	0	1
-0.646962544405932	0.760862463889731	-0.0502770044796876	1.08084621618471
0.135428259950346	0.0497673160842674	-0.989536457467126	1.70777757971752
-0.750398995563444	-0.647001951537564	-0.135239868988251	0.682432144338879
0	0	0	1
-0.880984534550505	0.468187127487433	-0.0683159098446057	1.10409874506230
0.0867438810373316	0.0178829791880209	-0.996070127128578	1.82070301540572
-0.465125519602409	-0.883448364484550	-0.0563669965863148	0.756761415757801
0	0	0	1
-0.188469532237428	0.976085003904394	-0.108338823009874	1.16969245076357
-0.0373797768971050	-0.117365573881681	-0.992385043391196	2.28597034571340
-0.981367407089377	-0.182984663893955	0.0586056744888139	0.231231112818900
0	0	0	1
0.158198473696124	0.985411549176583	0.0627480810035179	1.10252920222928
0.183854292754422	0.0330401288655773	-0.982398060319908	2.08285337846010
-0.970139599210334	0.166950377759242	-0.175945245488642	0.423649579258442
0	0	0	1
0.384127254939256	0.919276461594669	0.0858896918775308	1.15449615995996
0.102348216758176	0.0500564028884640	-0.993488399054709	1.79435972121012
-0.917589829138953	0.390416628344456	-0.0748582779183010	0.571738938745525
0	0	0	1
-0.636203003984840	0.770819631637303	-0.0329064310310031	1.00131385633579
0.172757146643885	0.100758961883731	-0.979797223859905	1.76599633521866
-0.751931317344962	-0.629034758246828	-0.197267754367575	0.549992797761564
0	0	0	1
-0.150511749861251	0.985496402863911	0.0783776313497460	1.12144608353236
0.197939409757981	0.107716063890244	-0.974277804142461	2.26385895284617
-0.968589801318580	-0.131126235064861	-0.211281109565783	0.549372572326161
0	0	0	1
-0.287737478727307	0.953770672892721	0.0867677755011608	1.12123872581857
0.126253553862672	0.127584629983613	-0.983759219691988	2.26991732318974
-0.949350927461862	-0.272109657531136	-0.157127816778539	0.683523379738498
0	0	0	1
0.725927557691131	0.677757686047691	0.116934597052663	0.945970616087616
0.135243149670500	0.0260322062433222	-0.990470400721449	1.93617007932553
-0.674342992439153	0.734824362171930	-0.0727645882749531	0.811929112434684
0	0	0	1
-0.893262660398363	0.449468761095830	-0.00772349254022407	1.16089775332255
0.0344684092272993	0.0513509228464149	-0.998085673420955	1.91470664209608
-0.448211722630476	-0.891818880447034	-0.0613623351480379	0.782216749506765
0	0	0	1
0.829927880729770	0.557297518982661	0.0252821700643513	1.10290187348818
0.00253130324657521	0.0415567071238868	-0.999132940402274	2.32253073264270
-0.557864952556858	0.829272280634527	0.0330783808543261	0.424444685903770
0	0	0	1
0.0485764029830271	0.998272530241045	0.0330497872818150	1.09215457267892
0.0999107101160425	0.0280665155322174	-0.994600482962877	1.80751090654361
-0.993809933074398	0.0516161415840284	-0.0983747470168989	0.477078370562642
0	0	0	1
0.0197701734579727	0.999368693726905	0.0295187099992818	1.03687213064272
0.130519826871969	0.0266920411392838	-0.991086328093134	1.96823524899145
-0.991248563698709	0.0234467255368166	-0.129909722603230	0.445984043045358
0	0	0	1
0.720026113619561	0.692706833129985	0.0414685307304172	1.07288651358392
0.101685881178232	-0.0462063172777692	-0.993742903276614	2.07280158751425
-0.686456391386167	0.719737604671768	-0.103708259779190	0.580453332866673
0	0	0	1
0.103336131863100	0.994421091971211	0.0211739390373310	1.02204586809234
0.169158037021744	0.00340754858347644	-0.985583049328468	2.22651132119598
-0.980156723367505	0.105428081911016	-0.167862197001118	0.494485669305006
0	0	0	1
0.369100441062673	0.929233286788791	-0.0170400449248172	1.06985928620652
0.153408665319782	-0.0789980858973493	-0.985000042552973	2.33691098681050
-0.916640957961264	0.360949859604149	-0.171710666644802	0.833772217793376
0	0	0	1
0.824520963370829	0.548191248745813	0.140183935458189	0.852608956489158
0.224632786677655	-0.0897380252368094	-0.970302632159693	2.05271476956497
-0.519331582047029	0.831524769098975	-0.197132610857326	0.777544358040765
0	0	0	1
0.753316020974419	0.656451133040918	-0.0398356934490243	1.28311223009889
-0.0657907821642695	0.0149536294555063	-0.997721384930844	2.31803238794694
-0.654359645398067	0.754220325167257	0.0544532421359308	0.409670303826893
0	0	0	1
-0.869373973828244	0.494152586745713	-0.00145418107800802	1.04620688316040
0.0103572281773204	0.0152794329280058	-0.999829618862075	1.89192043764065
-0.494046173403428	-0.869240910186537	-0.0184015924178010	0.787954547170184
0	0	0	1
-0.244737613872261	0.968703765326340	0.0414308508081065	1.04110791156722
0.191789722437318	0.0902521484832333	-0.977277469330782	1.77539110005819
-0.950431587608245	-0.231230544558309	-0.207875521742555	0.518419130982882
0	0	0	1
0.165144084643987	0.983544885001807	0.0732590642438371	1.16799624272700
-0.246462526447915	0.113076790089856	-0.962533044939178	1.89329541780830
-0.954978352824822	0.140901024587324	0.261080920226339	0.327079659530899
0	0	0	1
0.783937244801894	0.613321375259886	0.0963290551273957	1.02907843052420
0.182093981348439	-0.0788109603189806	-0.980117653391813	1.85903378235745
-0.593535321753549	0.785891673949357	-0.173464978159826	0.654463006592691
0	0	0	1
0.867046966621079	0.491806181955354	0.0797260124657181	1.34722431704035
-0.0469409214237819	0.239944906536468	-0.969650963864365	1.99669677166301
-0.496010188977074	0.836990514413218	0.231129338711519	0.408039754998662
0	0	0	1
0.168268129533443	0.985721756413985	0.00620125111936143	1.14252330915423
0.0527648121778045	-0.00272495429491503	-0.998603249153502	1.90621238843198
-0.984328050590431	0.168360308731659	-0.0524699462990288	0.463076219049783
0	0	0	1
-0.301403414697093	0.951983778751022	0.0536923328219006	1.06090049900401
0.0634436323966958	0.0762091051299416	-0.995071393319899	2.25320379528996
-0.951383669776419	-0.296511479187938	-0.0833669934238714	0.568916568424261
0	0	0	1
-0.509615634260967	0.860380795723894	0.00606561343241841	0.996258966585438
-0.0801068720972432	-0.0404269470116980	-0.995966139483722	2.16190528301382
-0.856664925370234	-0.508045813194866	0.0895246186005792	0.344353108159160
0	0	0	1
0.964052476186014	0.265607765097122	-0.00743897034057595	1.47401328332253
-0.0433555409465069	0.129619165666842	-0.990615550534650	2.20559606981378
-0.262150949318997	0.955327895024501	0.136475245957663	0.419013015018319
0	0	0	1
0.0209626913665081	0.969289649881576	0.245026815273605	0.968230273559799
-0.0441732400957445	0.245739284855974	-0.968328936228758	1.76850927290975
-0.998803929923244	0.00947515229044610	0.0479680212116011	0.387642209363031
0	0	0	1
-0.931435863071370	0.354088588176960	0.0839553733083182	1.19523990724085
-0.0132820188874817	0.197473842338856	-0.980218174472500	2.38711488732326
-0.363663059656552	-0.914125458192023	-0.179231207456904	0.712398812214142
0	0	0	1
-0.375563671719017	0.926764875924398	0.00766767486040543	1.06087415961225
0.113218302836249	0.0540889693565940	-0.992096769119233	1.77686686601449
-0.919855175768343	-0.371727384176598	-0.125240598311467	0.717137057265107
0	0	0	1
0.739293790425993	0.651769575765221	0.169236850432733	1.01633047847003
0.269116335696856	-0.0555940347854393	-0.961501794671946	1.74944945513262
-0.617269057460898	0.756376707337751	-0.216502164650233	0.602568426291435
0	0	0	1
0.153966247479503	0.987217256058482	0.0411883961503950	1.37193823061542
-0.161287734483186	0.0662370364860403	-0.984682142471787	1.81417089733692
-0.974823400079400	0.144964631334366	0.169424302624298	0.362405499990128
0	0	0	1
-0.568979178542543	0.822100326481666	0.0203407862136902	0.993325665215567
0.0421460120947945	0.0538539764190041	-0.997658991283278	2.07489627985559
-0.821271214672448	-0.566789910304162	-0.0652900415671653	0.498793627960745
0	0	0	1
0.0723459591352200	0.996928827585029	0.0299829105782758	1.17963757000781
0.0126454100880240	0.0291424346841136	-0.999495278680389	1.72097114736479
-0.997299431364779	0.0726885907871516	-0.0104982364646279	0.521069229619119
0	0	0	1
-0.817574973193375	0.561332669754728	0.128361976744992	0.733572557441559
-0.205523929657265	-0.0762314272649612	-0.975678576087116	2.12285764669251
-0.537895043243649	-0.824071843568980	0.177692203235639	0.399982629170426
0	0	0	1
-0.879353326359060	0.476110046272624	0.00754660582893251	0.993404394026363
-0.00988931855699056	-0.00241538777927339	-0.999948182297640	1.79232882567897
-0.476067147364461	-0.879382391079191	0.00683238319392456	0.651784607386637
0	0	0	1
-0.0324741659826537	0.999173247775653	-0.0244591388479684	1.02319485346353
0.127259417291222	-0.0201392784070025	-0.991664988882810	2.10023077207217
-0.991337717054299	-0.0353161492054044	-0.126500199015148	0.711593756019045
0	0	0	1
-0.0107889215639859	0.982393722406639	0.186510518061351	0.779974506644744
-0.213329177535264	0.179965884508643	-0.960261913451299	1.72515415814256
-0.976920805993820	-0.0501483258848131	0.207631607004658	0.327238365485863
0	0	0	1
-0.697568998845991	0.709785479860012	0.0979901241396013	0.884573955262158
-0.166352978550384	-0.0274100599121808	-0.985685231269611	1.79520508220690
-0.696939149694159	-0.703884408973166	0.137195336757775	0.329637368678658
0	0	0	1
0.806728474935168	0.587548950740768	0.0630507590136764	1.32668106852249
-0.00209657589639493	0.109544138001671	-0.993979721221204	1.88085736542121
-0.590918583307623	0.801739553915668	0.0896042163562514	0.318541533763778
0	0	0	1
0.875801387073314	0.482181798075489	0.0217403773000421	1.08008933415858
0.0526976094221510	-0.0507495795261406	-0.997320130218533	2.02363492046367
-0.479786298638936	0.874600019313176	-0.0698563802078339	0.511850121999407
0	0	0	1
-0.316729124707794	0.948302465634437	0.0201269777532994	1.05111765748684
-0.0749873242732760	-0.00388115790773626	-0.997176934055150	1.81544977988686
-0.945547229259422	-0.317344245709518	0.0723399402466467	0.179882919208667
0	0	0	1
0.0674029305310496	0.997043521757708	0.0368925558454924	1.06699832578249
0.0967134805946178	0.0302733546567500	-0.994851761152938	2.13478731163623
-0.993027364994088	0.0706239316295328	-0.0943870364726327	0.645479410256329
0	0	0	1
-0.153126693097132	0.988200657899119	-0.00341695608481660	1.09351233565664
0.137877276249582	0.0179406122018156	-0.990286822656861	1.90600713350908
-0.978540787374310	-0.152110466969150	-0.138997601717778	0.600909716823973
0	0	0	1
0.778349421406437	0.622401173570327	-0.0823951293132338	1.28439432099261
-0.100580982673230	-0.00592654605448552	-0.994911223163329	1.80887782177226
-0.619722231423686	0.782675957973761	0.0579887979622280	0.338595282444084
0	0	0	1
-0.951237466197633	0.306119067545876	0.0379262361268639	1.03466043752138
-0.0165133955923074	0.0722392177830911	-0.997250622050495	1.62307639510354
-0.308017192162904	-0.949248445823816	-0.0636615852233535	0.483666359224983
0	0	0	1
-0.904226723850976	0.421796896551096	0.0667937866391464	1.10350858245068
-0.0490965200052600	0.0526934743173499	-0.997403092780316	2.07869210971776
-0.424221125826031	-0.905157873425532	-0.0269380878806253	0.700141218623373
0	0	0	1
-0.413349693490835	0.903844466282886	0.110486251003638	0.872507431804088
-0.138954349607883	0.0573044659077579	-0.988639411975912	2.10619806783930
-0.899907617267508	-0.424006343062026	0.101906336540395	0.231464936008396
0	0	0	1
0.688302127394211	0.686897745928995	0.233263087654837	1.04047736749844
0.232356939847924	0.0958549694400933	-0.967895695484874	1.80149642766073
-0.687204797661593	0.720404963524894	-0.0936282788455750	0.797788528815448
0	0	0	1
0.0602223502109263	0.996220638474283	0.0625915969836532	1.12937651749020
0.0125930513769858	0.0619421507660770	-0.998000293093889	1.62916115508536
-0.998105547320567	0.0608901423578900	-0.00881515578686763	0.512481961876174
0	0	0	1
-0.871700944392181	0.484383961016498	-0.0742269617844337	0.986182095569084
0.118315088494557	0.0610449364593865	-0.991097904128141	2.27537658302311
-0.475540748391034	-0.872723148565820	-0.110522859975019	0.645717877267365
0	0	0	1
-0.279111942586156	0.957640373423264	0.0708621104366388	1.21050689997886
-0.207535407167660	0.0118922851097621	-0.978155216888722	2.19727142267533
-0.937563639588021	-0.287721199678821	0.195425006019813	0.404820939003555
0	0	0	1
-0.686968327597848	0.703102309298721	0.183634581536872	0.949773261211409
-0.213205926868101	0.0465688731893591	-0.975896804379535	2.17435414121619
-0.694706952337264	-0.709562176774298	0.117914238604126	0.335832306468401
0	0	0	1
0.642512117118966	0.752555096000328	0.144357219560510	0.984560828642622
0.240792818036865	-0.0194413454890730	-0.970381807778485	2.38487138505648
-0.727459275930391	0.658242251431426	-0.193701162343748	0.646147940290223
0	0	0	1
0.634727930259841	0.772695909367087	-0.00784131337394399	1.01721806295867
0.100042881573556	-0.0922334274700143	-0.990698953619914	2.35199473557674
-0.766232260084707	0.628039828756508	-0.135845857871996	0.447802204226539
0	0	0	1
-0.547696535742468	0.831899426335434	-0.0892852126529074	0.984108774183840
-0.0215408757626246	-0.120699031513898	-0.992455406788127	2.28422227972134
-0.836399722266261	-0.541641106503543	0.0840262836173231	0.335582878013749
0	0	0	1
-0.604067741307977	0.794095201524492	0.0671935623914684	1.25097105031300
0.0482759344290160	0.120622760937265	-0.991523869454930	2.18610460473175
-0.795469419944025	-0.595703752262522	-0.111200006628898	0.791007784273946
0	0	0	1
-0.197302488425487	0.978352600883591	-0.0624332956476276	1.04860814367835
0.155766653045900	-0.0315903829855776	-0.987288609020535	1.73697235284219
-0.967888670178543	-0.204519524855545	-0.146161848965020	0.603010534266473
0	0	0	1
-0.156138931449393	0.987051915124749	-0.0367307900052284	1.04882406916402
-0.0131792991587116	-0.0392654856849419	-0.999141895682296	2.27035394858450
-0.987647173923729	-0.155520861888340	0.0191395234522966	0.486192464422403
0	0	0	1
0.0460238576521970	0.998694219549707	0.0221734157227001	1.10846506956281
0.124334029154898	0.0162973405033867	-0.992106569823336	2.03057535935252
-0.991172464166009	0.0484174816622886	-0.123421609730885	0.738822766660470
0	0	0	1
0.289145146957327	0.957055354945039	0.0209793127163574	1.04283889527964
0.174809628682583	-0.0312411166103239	-0.984106491368083	2.23397087465826
-0.941188970245021	0.288217001934246	-0.176335708480023	0.459830824027897
0	0	0	1
0.537052030779055	0.841133166308025	0.0637974354714187	1.12593705600526
0.173357709403931	-0.0360379500504265	-0.984199355184906	1.71300277065564
-0.825543591112132	0.539626039672661	-0.165171173274531	0.425428488541077
0	0	0	1
0.353717354735326	0.935350286229664	-0.00196850428702355	1.15059987005645
0.0300476969193187	-0.0134664295487954	-0.999457748574221	1.95889394450221
-0.934869599927652	0.353466401975198	-0.0328684317517565	0.451999230214551
0	0	0	1
0.631362174574278	0.774038090702566	-0.0474008297223212	1.07528902017343
-0.0423058411578113	-0.0266540222470374	-0.998749107084449	2.25568020764309
-0.774333274708487	0.632577740075938	0.0159179910683176	0.473820000946364
0	0	0	1
0.138839214269415	0.987841165583542	0.0699535857522729	1.05254135055889
0.124923600765411	0.0526032775359618	-0.990770906498712	2.11357371197984
-0.982404074987913	0.146296707997904	-0.116101277667907	0.756129074908378
0	0	0	1
-0.380222680571802	0.924792917452576	0.0137394689979935	1.07023968369302
0.141258265636762	0.0727455017368976	-0.987296406539769	1.97469547897439
-0.914044208760215	-0.373451672652032	-0.158294133262456	0.641107982522646
0	0	0	1
0.805737181924058	0.582372133927949	0.107843828239191	0.913159192964287
0.176860372647149	-0.0628043809717814	-0.982230124928910	1.69738356125361
-0.565250388988975	0.810492632511215	-0.153602377562501	0.660990328221851
0	0	0	1
0.271170145094333	0.959065080090637	0.0816144874410134	1.17248302526203
0.165507216366390	0.0370688237638155	-0.985511676052302	1.67895672451734
-0.948195187574883	0.280749130818794	-0.148680233401500	0.423776966534067
0	0	0	1
0.258115304975020	0.965932475524616	0.0187334477483233	1.29263382187752
-0.0201633631251920	0.0247722924193895	-0.999489755983407	1.76184622286400
-0.965903684704192	0.257605873875529	0.0258705550711796	0.177158563883951
0	0	0	1
-0.568299382756252	0.822761629928606	-0.00995549476858066	1.08743327033973
0.110725626453597	0.0644802463777892	-0.991757093986989	1.76966478846729
-0.815337750386502	-0.564717272751846	-0.127744881112296	0.747818409136267
0	0	0	1
0.0357808203927710	0.998744645551794	0.0350551832635649	1.05942236061049
0.0126805061999141	0.0346210907118903	-0.999320061261873	2.13911334282810
-0.999279209057475	0.0362010090956168	-0.0114258166414865	0.633685091732377
0	0	0	1
0.382172090688265	0.923129097733289	0.0421563994796062	1.10693826882390
0.173107145438517	-0.0267048461717858	-0.984540891679502	2.03811823463283
-0.907732564854368	0.383561624917124	-0.170006089872824	0.767388634618747
0	0	0	1
-0.201012859211795	0.975916200610513	-0.0847431402382558	1.26018825546055
-0.123292222415143	-0.111025854948716	-0.986140095232336	1.70143368361515
-0.971798774604822	-0.187778670031631	0.142640501813888	0.321873667823440
0	0	0	1
-0.293894736647368	0.935696583072804	0.195186547171809	0.890928760270009
-0.146206765085028	0.157794192002274	-0.976588231965613	1.61109645907278
-0.944589575220024	-0.315551734896559	0.0904302880091967	0.361784522841051
0	0	0	1
0.655174424146217	0.750310726380474	0.0882059398401188	1.24575151178962
0.0657298763937056	0.0596992552442331	-0.996049989846169	2.00929073619996
-0.752612820309315	0.658384244041190	-0.0102044061252617	0.546261580478995
0	0	0	1
0.216022078301684	0.968813060230257	-0.121390757529174	1.13270972250814
-0.0600609322665578	-0.110905704006140	-0.992014419872098	1.78353400577208
-0.974539453332441	0.221587858751756	0.0342297349145281	0.0680642275196503
0	0	0	1
-0.308641962973414	0.950610801556587	0.0328518288054218	1.13927452754240
0.193345520508387	0.0965170408116373	-0.976371840300767	1.96908269949800
-0.931320379027142	-0.294997567442356	-0.213585549164342	0.784254104785675
0	0	0	1
0.812419194382876	0.577495728042693	-0.0804595344923041	1.14492574216092
-0.103454462929349	0.00696550582099722	-0.994609800790570	1.66829965613972
-0.573822469670087	0.816363991012035	0.0654034210162141	0.428000616009466
0	0	0	1
0.168051683134103	0.985563501778817	0.0205722083712774	1.01692970674738
0.130681001133689	-0.00158832751349724	-0.991423195794009	2.35108291884531
-0.977077841186920	0.169298733536864	-0.129061346205291	0.568652778690432
0	0	0	1
0.0167189172310331	0.999840095503639	-0.00634517374834731	1.06970703872466
0.0876831130531201	-0.00778775363958125	-0.996117976235025	2.33394489908657
-0.996008107141672	0.0160976494098997	-0.0877992949376036	0.432119768234620
0	0	0	1
-0.0387973260498454	0.992271731610137	-0.117862539166618	0.997474946229631
-0.0356123953211268	-0.119249467270708	-0.992225439028422	2.28762030658112
-0.998612299539152	-0.0342983265345832	0.0399637336350513	0.361525303168969
0	0	0	1
0.892081696531688	0.451874054310011	0.000292838824967816	1.33552326860077
-0.0236047112002823	0.0472471493249686	-0.998604288239248	1.98377446472725
-0.451257204177724	0.890829695240396	0.0528146736769926	0.432309952601462
0	0	0	1
-0.484262646566855	0.871548606713220	0.0767640233202458	1.09876554308487
0.0769042384493741	0.129800195354533	-0.988553310345197	2.14868879531889
-0.871536245516265	-0.472815963586436	-0.129883167998174	0.488095161508929
0	0	0	1
-0.547190629733758	0.835041995988531	0.0573348032791843	1.06976418619827
0.0644345881937346	0.110321342479359	-0.991805114545118	2.27674529528470
-0.834524174949939	-0.539012120762643	-0.114172392000349	0.490952524718365
0	0	0	1
0.504469554126240	0.859163687910712	0.0857217961509103	1.17591637952382
0.0500149376860749	0.0700364092128325	-0.996289820982244	1.82608650410475
-0.861979683616691	0.506885252064250	-0.00763978218479205	0.616234881954292
0	0	0	1
-0.164572424137581	0.985504823496985	-0.0411844640326454	1.00863571312315
0.181113556429843	-0.0108519005176160	-0.983402316416069	2.29358653482112
-0.969594655972698	-0.169299967865714	-0.176702359887619	0.634238995494412
0	0	0	1
-0.104494964825789	0.994479363071993	0.00957072358711707	1.10081260461907
0.0367301462338651	0.0134759067379834	-0.999234355041513	2.23135639482382
-0.993846919139812	-0.104063424705864	-0.0379355368327764	0.474900831203847
0	0	0	1
0.177784934180677	0.983729132119885	0.0258749260294781	1.06691368877481
0.210327057374451	-0.0122989668692583	-0.977553714304311	2.09519143953932
-0.961329832115168	0.179236519807230	-0.209091424627639	0.417986986914201
0	0	0	1
-0.678860413032987	0.730473633430983	0.0745440170558359	1.13579510686688
0.111500831529776	0.202898783769403	-0.972830739704017	2.20509804179932
-0.725752095542859	-0.652104557879360	-0.219188369691719	0.505254148729888
0	0	0	1
0.573622948134140	0.805604419795127	-0.148183103559261	1.10655438826936
-0.134164696537755	-0.0860579493897728	-0.987215206299903	1.67354754048670
-0.808057267510682	0.586170238201654	0.0587188578719470	0.192675112346397
0	0	0	1
-0.844534063144358	0.533452997732014	0.0467986687803183	1.00132556783683
-0.0165198143493405	0.0613970403492659	-0.997976702719164	1.88644826166089
-0.535246963487646	-0.843598424990871	-0.0430393474645716	0.514844373219580
0	0	0	1
0.0586520809078730	0.996526490557540	0.0591175694886822	1.10735154236163
0.218780297251841	0.0449483702617509	-0.974738336962905	1.82983274366204
-0.974009812547888	0.0701041912290941	-0.215384046374243	0.589635115477605
0	0	0	1
-0.558931665652034	0.828871124309430	-0.0238338502442226	1.01456103806153
0.0688754801703503	0.0177629604656463	-0.997467114980138	1.96377180595727
-0.826348329315639	-0.559157523888857	-0.0670171777661250	0.831849292120488
0	0	0	1
0.303265154804583	0.930405610933343	0.205853455217800	0.952125327858876
0.211741954651645	0.144829934582749	-0.966534859531232	2.30476809833453
-0.929083198923355	0.336704156779376	-0.153084030146309	0.829520798384979
0	0	0	1
-0.966645875545354	0.222836922924760	0.126251562654012	0.684467001610747
-0.142283667064622	-0.0573550363006535	-0.988162819528034	1.78585826105987
-0.212957999093248	-0.973167049171094	0.0871480638329122	0.324858075000975
0	0	0	1
0.989093734362206	0.125712457006485	0.0767460930524787	1.08409880985271
0.0775049954019407	-0.00114959315765283	-0.996991300926601	2.30422517778828
-0.125245999270125	0.992066054549275	-0.0108803987915544	0.690019457604022
0	0	0	1
0.477852279073599	0.878344792809883	-0.0129469814216083	1.02818173414986
0.166554268561011	-0.105063300779047	-0.980418981075702	2.29138850575937
-0.862506159403093	0.466339069533291	-0.196496812235085	0.852509891234857
0	0	0	1
-0.0180062385875867	0.991307222268549	-0.130329453502038	1.04004057072808
-0.0511942520991255	-0.131093703498688	-0.990047266273186	2.23242046703228
-0.998526376178385	-0.0111549083909785	0.0531097363470276	0.200659661173419
0	0	0	1
-0.0949936492940345	0.990135611104946	-0.102993583371181	1.10303017638100
-0.169662664968416	-0.118050929448133	-0.978406131507896	1.83477631524987
-0.980913241173559	-0.0754682030941928	0.179203135051027	0.256454059419353
0	0	0	1
-0.986054096315917	0.0846527417430957	0.143287237582338	0.725660764776780
-0.153589177330488	-0.131311294679796	-0.979371078037564	1.71738892258332
-0.0640912142617427	-0.987720232254505	0.142481784974651	0.456806593258813
0	0	0	1
0.714544929154940	0.699426537249584	-0.0151017618183435	1.04628446064986
0.0337621851742638	-0.0560373463048864	-0.997857670547942	2.32401280281770
-0.698774397836111	0.712504270029424	-0.0636553699118706	0.471794167930126
0	0	0	1
0.865339484285040	0.499812916679683	0.0370759390636329	1.03112280527224
0.134777880237875	-0.160816250454707	-0.977738746592501	2.23562818581143
-0.482724041182834	0.851072959216681	-0.206524376658727	0.501403099986629
0	0	0	1
-0.732161419065493	0.681130897381484	0.000597548573290042	1.15929992253914
0.120224214698671	0.130094862431179	-0.984185686224455	1.76131633179223
-0.670437017647512	-0.720510948842075	-0.177138866335432	0.681560011283240
0	0	0	1
0.105724624561334	0.991764912645823	0.0722818220992557	1.07267745968861
-0.00581856529410709	0.0733049645835214	-0.997292598220466	2.25229380425841
-0.994378422965464	0.105017809023194	0.0135207887597088	0.773725357359224
0	0	0	1
-0.871333963740921	0.489334184727417	0.0364579111948215	1.05992935809256
-0.0172449622545702	0.0437155440720818	-0.998895170918010	2.03065512183055
-0.490387331512931	-0.871000003940090	-0.0296522887479228	0.691792384264292
0	0	0	1
-0.556104297986579	0.814811420874080	0.163799750225749	0.975796055372934
-0.135840312242072	0.105325484948229	-0.985116212327458	2.01736605470300
-0.819936228819553	-0.570077968907397	0.0521122829627100	0.285357989637312
0	0	0	1
0.0669738005244002	0.996218662795951	0.0553433459447910	1.29641680123782
0.00777708310412661	0.0549449718337311	-0.998459096332234	1.83303819754645
-0.997724424388673	0.0673010101502012	-0.00406780174703490	0.464784608349884
0	0	0	1
0.521254835802354	0.851646274312856	0.0546993565016290	1.05124847967848
0.0610860000795072	0.0266968820643679	-0.997775414150062	2.02697789538723
-0.851212016331388	0.523436624566024	-0.0381077855034902	0.729700244721686
0	0	0	1
0.551285759578762	0.819531115526211	0.156373789267997	0.946328048444429
0.187539473401747	0.0609078034927784	-0.980366862653915	2.07571037414186
-0.812965532603851	0.569788548637167	-0.120116829129341	0.810604303078396
0	0	0	1
-0.687277029629428	0.713169249875775	0.137985164330721	0.709618146631837
-0.184549116219893	0.0122944922995929	-0.982746391070225	2.07107101185611
-0.702560964077999	-0.700884060662475	0.123165032631312	0.270096748097164
0	0	0	1
-0.607502887065749	0.794120464873017	-0.0176898127927907	0.973785867485646
0.0968480274912447	0.0519477833068082	-0.993942597628537	2.11124044112066
-0.788391211124170	-0.605536221112637	-0.108467428948934	0.620777940855724
0	0	0	1
-0.236724394786217	0.971399662414946	-0.0185541578420627	1.00414937621623
0.161050227685081	0.0203999186513008	-0.986735358382177	2.15382080637743
-0.958135890714717	-0.236572481872151	-0.161273295201555	0.654966126260161
0	0	0	1
0.705931091212739	0.703468390697340	0.0824227987202904	1.19940740255620
0.121300940269169	-0.00542619566997488	-0.992600946146218	1.77907910404495
-0.697816147956614	0.710705832036185	-0.0891618974716656	0.447170867955692
0	0	0	1
0.847500795842885	0.513613305236393	0.133954371820499	1.04116356066590
0.209027930720946	-0.0909713654920373	-0.973669109522857	1.80498681560246
-0.487903397430471	0.853185550360917	-0.184457831037724	0.795249207839815
0	0	0	1
0.122519378067546	0.975498292831855	0.182735006717591	0.723184968762094
-0.0481936102101374	0.189752708514457	-0.980648400572978	1.73049914606754
-0.991295303092300	0.111341772455640	0.0702611683192164	0.247571514137853
0	0	0	1
-0.347677706226819	0.937602687711434	0.00462737389376305	1.06550485416076
0.0687784914668583	0.0304254853420505	-0.997167894064607	2.29242411212209
-0.935088087671103	-0.346374782335544	-0.0750651614106261	0.673139579061444
0	0	0	1
-0.546478999406559	0.837145859175092	0.0233990100987903	1.20784958271497
-0.120985078608555	-0.0512690545211565	-0.991329458254212	1.87026762327503
-0.828687705931305	-0.544571661505172	0.129299619194366	0.246283039677099
0	0	0	1
0.210833484713704	0.976671893864761	0.0407584771317329	1.02988969386615
-0.0348553306465258	0.0491803142050605	-0.998181547926134	2.24604503822494
-0.976900377545734	0.209029443929111	0.0444110788169927	0.264418077669133
0	0	0	1
0.347037529077620	0.936967426658305	-0.0407062009160040	1.17203069528184
-0.196261390968817	0.0301124267700047	-0.980089132767529	2.39038579263590
-0.917085830130793	0.348116766524302	0.194340672629225	0.303836499016834
0	0	0	1
-0.182408016209384	0.982480637927631	0.0381983209038283	1.07183708458414
0.157537030843253	0.0675524735981559	-0.985199851412830	2.29681947174158
-0.970520169566634	-0.173690700407607	-0.167099195259181	0.697329630266885
0	0	0	1
0.0896029551475264	0.995517466694556	0.0302701822737208	1.08780992764813
0.231155943491929	0.00877625221611322	-0.972877128513871	1.68555903589304
-0.968781833137465	0.0941697982534373	-0.229333401142791	0.439638425265284
0	0	0	1
0.535624312007536	0.842145968144456	-0.0624240716750340	1.08750046198088
-0.0802080413351793	-0.0228525921756695	-0.996516145948487	2.12746790100351
-0.840638606353306	0.538765187599282	0.0553064746615036	0.144159732329914
0	0	0	1
0.551661669471899	0.827076313735455	0.107769075774309	0.938463096498343
0.0747761986175751	0.0796454646824253	-0.994014647817539	1.94272297199097
-0.830709288834417	0.556418341909478	-0.0179082726952022	0.859301187294366
0	0	0	1
0.443122553467217	0.894974471633909	-0.0516052103212304	1.26764999754204
-0.185955703900786	0.0354524800954376	-0.981918325443540	1.89922003266717
-0.876962301809751	0.444706438877028	0.182135401352554	0.305588089503600
0	0	0	1
0.971646072401990	0.182572493367012	0.150237128072720	0.941455007518128
0.185395330519798	-0.193951374601100	-0.963333501811184	2.40739930287325
-0.146739501863818	0.963872475463480	-0.222300179119727	0.735187980396388
0	0	0	1
0.138499871721508	0.986520037407050	0.0871550418938493	1.42069316988058
0.0295663798883724	0.0838452039785362	-0.996040064932176	2.03318092576862
-0.989921014381159	0.140528280300410	-0.0175552761979773	0.421501535211325
0	0	0	1
0.339178810271554	0.939162605272458	0.0541418093586022	1.10490700053872
0.103509761310333	0.0199452544789540	-0.994428436910997	1.68689076794997
-0.935009873731958	0.342893259895292	-0.0904474894186077	0.510445406556948
0	0	0	1
0.230204092561083	0.964565984445520	0.128912906331260	0.824407222091617
-0.159433129140690	0.168063527289590	-0.972797886576338	1.66307307008876
-0.959993308883211	0.203389066681632	0.192472684955134	0.262161522562016
0	0	0	1
0.918740287284581	0.372845361845374	0.130010079111733	1.04029479273303
0.163921651258735	-0.0605938065248274	-0.984610624998249	1.93528309228714
-0.359229699174298	0.925912915322615	-0.116787398592140	0.744811332457361
0	0	0	1
0.0503295076432831	0.961922558058570	0.268648344417830	0.973982818285981
-0.0399153475324920	0.270711664378731	-0.961832604875015	1.80696993798218
-0.997934720155454	0.0376853694071496	0.0520202579857268	0.0977890458499591
0	0	0	1
0.393852857924962	0.917910470235278	0.0481694398637755	1.09802263890363
0.0600860095273287	0.0265824489118236	-0.997839187879957	2.03687147782026
-0.917207499840370	0.395896125318625	-0.0446840037852256	0.487418984929694
0	0	0	1
0.756559411224396	0.636641078669310	-0.149351914077365	1.02994192398913
-0.125439624760055	-0.0828598736036103	-0.988634989208075	2.32913487082009
-0.641780926662559	0.766695753410159	0.0171716008274395	0.431359849889809
0	0	0	1
-0.929480889954037	0.363451521434941	-0.0629941805000947	1.07787712675431
0.0934354872299192	0.0667740001049624	-0.993383633162984	1.66525357430020
-0.356840419426330	-0.929216995365781	-0.0960244270330804	0.657319321127547
0	0	0	1
0.322986817637757	0.944267828593749	-0.0635435560468574	1.04969319273253
0.0747943525393514	-0.0924002143113900	-0.992908860481881	2.15000444082330
-0.943443331875558	0.315943773918802	-0.100469952032891	0.474961649281432
0	0	0	1
0.176101383930895	0.981657256274749	0.0730570583910644	1.23440459192719
-0.0474485847664160	0.0825956572068414	-0.995452956806214	1.98939886343552
-0.983227814080383	0.171834189303822	0.0611234570767265	0.0868798628811092
0	0	0	1
0.399021537301411	0.916661391069325	-0.0226651029662063	1.08737448738205
0.103520781910157	-0.0695950533377770	-0.992189486067869	2.28392931035394
-0.911079173553170	0.393558664843962	-0.122663429121762	0.850618813089133
0	0	0	1
0.192629640966799	0.977159083762785	0.0897437821850414	1.03945035455397
0.198523993059477	0.0507572304243030	-0.978780837439810	2.30846164386788
-0.960979732148770	0.206358495292848	-0.184212176089825	0.719952196512109
0	0	0	1
-0.391274808667231	0.920265294158199	0.00397648970132751	1.34563392870452
-0.236922900884974	-0.0965567405208151	-0.966718332761019	1.78298031804362
-0.889253373982169	-0.379194652161550	0.255812143248538	0.305073108851580
0	0	0	1
-0.595637726358649	0.799359501059763	0.0789942213315998	1.06634155782182
-0.00325604780424532	0.0959392989253163	-0.995381860932986	2.30151804250231
-0.803246597933035	-0.593144197465680	-0.0545423131320899	0.479262520435057
0	0	0	1
0.684880046775970	0.727896107476145	0.0332652709176145	1.41279936221002
-0.108700165768271	0.147205290011436	-0.983114884718261	2.11731766434601
-0.720502321641017	0.669699827768923	0.179940393453439	0.374127333977029
0	0	0	1
0.187319010688903	0.963105427316985	0.193234376100884	0.942718937258708
-0.0869690740949155	0.212204380043577	-0.973347667198825	1.80173301949615
-0.978441601929111	0.165521107303233	0.123510301803161	0.221840204297984
0	0	0	1
0.420955693353812	0.870367298176827	0.255454634910746	0.980988214478174
0.275530452665332	0.145624059631675	-0.950198191384528	2.26361403041926
-0.864221773555289	0.470376869670227	-0.178511418660515	0.881788450748143
0	0	0	1
-0.854705372489079	0.475037655166441	0.209327380942565	0.842744918391987
-0.298114181672705	-0.119044185925779	-0.947077830214013	1.91439500945794
-0.424978424068702	-0.871875970520599	0.243363167108016	0.413735762372727
0	0	0	1
-0.0328421190701553	0.998660616053606	0.0399796092829125	1.12573394149165
0.0514551087982405	0.0416375949959513	-0.997806936466927	1.79903519638135
-0.998135144654041	-0.0307129390711103	-0.0527536575042081	0.757989103034772
0	0	0	1
-0.214685350608273	0.976584468084935	0.0138916136380323	1.01734637903773
0.0197100911784128	0.0185524059441825	-0.999633593142718	2.29528432377778
-0.976484363694546	-0.214332883452231	-0.0232314986841297	0.585299756019810
0	0	0	1
-0.979908304194300	0.199132172722246	0.0112291209793880	1.05036051188937
0.0251268780692894	0.179107041578341	-0.983508671876128	1.99578671174179
-0.197859433360007	-0.963466162064850	-0.180512047205954	0.519811585973100
0	0	0	1
0.565097803477020	0.824606605027982	0.0262377485633454	1.07810331904840
0.136898460418392	-0.0623592481630127	-0.988620319285224	2.06759813904800
-0.813586678873567	0.562259078283997	-0.148126448842565	0.886383468609897
0	0	0	1
0.826432971734858	0.556980426941855	0.0823489358350240	1.10116158458770
0.110830560558891	-0.0175323129641808	-0.993684660668730	2.32341978522485
-0.552019139229515	0.830340545803826	-0.0762197344426698	0.585795606183896
0	0	0	1
0.731600593480218	0.672251400194138	-0.113307663273113	1.11933768002425
-0.198547860187747	0.0511073321866486	-0.978757777906071	1.70650432305927
-0.652180434262068	0.738556765275212	0.170864231575706	0.284058182461702
0	0	0	1
0.450573687311479	0.891363260443457	0.0495468488821129	1.09146749821426
0.0321289588198719	0.0392730586465073	-0.998711848768051	1.83592055427411
-0.892160906063300	0.451585168928473	-0.0109431666419779	0.718539358040237
0	0	0	1
-0.348852438248580	0.935492827604501	0.0561706847791254	1.08211325998282
0.106409909220242	0.0990869263683476	-0.989372888370514	2.09900785974817
-0.931117021403733	-0.339168026976909	-0.134112422723738	0.642391357510549
0	0	0	1
0.576532695274718	0.814856596977027	0.0601562768320053	1.07839799607690
0.0810523681121089	0.0162250245478046	-0.996577775289938	1.74754831913858
-0.813044011663999	0.579435479532832	-0.0566917997233180	0.751544985537582
0	0	0	1
-0.421075366374113	0.906957167506821	-0.0111459472864275	1.01008934118118
0.0467606904687892	0.00943431156030759	-0.998861567782175	2.37542692906911
-0.905819503907809	-0.421117192801942	-0.0463824995749802	0.726309285321678
0	0	0	1
-0.0286174184729845	0.977795207826518	0.207599554217823	1.00497663664259
-0.113984648608558	0.203137788980330	-0.972492950395923	1.62638506160373
-0.993070260979315	-0.0514933999623192	0.105640364060311	0.251506252796159
0	0	0	1
-0.305755464376520	0.952051580212313	-0.0105538911845729	1.07766715804957
0.208346109080559	0.0560869400916178	-0.976445673850906	1.87281721760854
-0.929034711318630	-0.300752462610693	-0.215505130794404	0.552996434975816
0	0	0	1
0.848032212503348	0.529868623170371	0.00897823680975807	1.26830049915406
-0.130043384576965	0.224493001393408	-0.965759602827301	1.65481359097576
-0.513741262392310	0.817827692429717	0.259283205801380	0.436289527354323
0	0	0	1
0.0706583214607940	0.994524084748297	0.0770016003983340	1.22934486012007
0.156240877949693	0.0652073723389770	-0.985564197122722	1.99789741049565
-0.985188403132037	0.0816691095103140	-0.150777872666848	0.780624997292417
0	0	0	1
0.0612393301461975	0.998049927700426	-0.0120866149280687	1.08376324790642
0.131419020534806	-0.0200664755238775	-0.991123795295886	1.93360107395784
-0.989433567999852	0.0591073462204491	-0.132391601462701	0.469648382702380
0	0	0	1
0.313199656110382	0.949184214379466	0.0309079696061539	1.31016843980494
-0.0353208561945664	0.0441652794882375	-0.998399652045917	1.85523929730939
-0.949030248480006	0.311606731731781	0.0473585494859842	0.0868276441803026
0	0	0	1
-0.103395793598791	0.992616856312541	0.0634120369510732	1.01722768256680
0.0278342003003566	0.0666163312670803	-0.997390355729468	2.21424680024835
-0.994250756680484	-0.101360944020479	-0.0345165448381133	0.491825807522696
0	0	0	1
-0.372907162384551	0.926221703414500	-0.0552594278494013	1.05073144748907
-0.0229442007880544	-0.0687418417600962	-0.997370604560625	1.95504761144396
-0.927584935136669	-0.370658758584457	0.0468857418852412	0.138807485744734
0	0	0	1
0.647663431149898	0.746975397581218	0.150199318771836	1.04242446578720
0.122100809411546	0.0928300685017452	-0.988166975122629	1.94498921667347
-0.752079432169360	0.658339072052041	-0.0310836599754577	0.806013716742145
0	0	0	1
0.689307919809004	0.722181210449277	0.0575229603080509	1.05122744702484
0.0802964735830907	0.00275278039809982	-0.996767223844263	2.27123491464832
-0.720004908329592	0.691698432464681	-0.0560910911571397	0.801492167453289
0	0	0	1
-0.936919435879023	0.343507182323034	0.0646899247535759	1.30602559288745
0.00529142782586985	0.198985647890153	-0.979988118665374	1.98908029832033
-0.349505323941849	-0.917827613240213	-0.188251164432194	0.760440089312395
0	0	0	1
-0.291220840441633	0.956105625986993	0.0324415481826752	1.06220939466921
0.0161784344984815	0.0388286927431171	-0.999114903740825	1.68363040836023
-0.956519043380552	-0.290438228502862	-0.0267760167775608	0.592721047038681
0	0	0	1
-0.991357027809031	0.113478828455192	0.0658315950443366	1.10881836441214
-0.0384666071559608	0.228312674100400	-0.972827653276280	2.33645290575265
-0.125425529887473	-0.966951849027428	-0.221974228492599	0.447617183244395
0	0	0	1
0.977642595469107	0.209639921017192	0.0163113163274140	1.19180409911794
0.0114580647066288	0.0243442136674023	-0.999637970474359	2.04210759094546
-0.209961111345902	0.977475556101952	0.0213978724543461	0.595456337469797
0	0	0	1
0.759060622567894	0.650922118465599	0.0112856971029088	1.15141785826885
0.0282637097823973	-0.0156302260684767	-0.999478293282243	1.64208027620590
-0.650406130026600	0.758983591209524	-0.0302617629776698	0.467237318992853
0	0	0	1
0.167870190706179	0.985746034263798	0.0111514575489766	1.23714701471083
0.119544135513427	-0.00912697099886523	-0.992786934878141	2.11071470835309
-0.978534004895394	0.167992423441004	-0.119372303864004	0.845304250044449
0	0	0	1
-0.910048156002222	0.413796928037652	0.0241755269551252	1.02166928783835
-0.0106372586775927	0.0349904403629288	-0.999331035148531	2.38506496239474
-0.414366024771315	-0.909696527106601	-0.0274413207664593	0.628315085979342
0	0	0	1
-0.440321879160875	0.893978898633192	0.0831767487391849	1.23128465009735
0.146462120785322	0.162919609580053	-0.975707972699490	2.15665441575838
-0.885813462252240	-0.417443325030918	-0.202671114073589	0.584912703105187
0	0	0	1
-0.339138501921126	0.940673717784245	0.0108643078317018	1.05320167222149
0.0752468887962829	0.0386366580400712	-0.996416135147346	2.00402732905481
-0.937722230855798	-0.337105570000648	-0.0838859489626457	0.742930120135458
0	0	0	1
0.216595829762694	0.974139376325038	0.0643329000005076	1.12551761790536
-0.101754703008684	0.0880647770805307	-0.990903918376232	2.13231407277132
-0.970943987542548	0.208079481282566	0.118197726391643	0.340697945461029
0	0	0	1
-0.405001825880448	0.914250666556560	0.0109196947937496	1.05838732837659
0.0262016035400250	0.0235434504732452	-0.999379398382689	1.72876345053944
-0.913940368407827	-0.404464367578528	-0.0334899739305087	0.647105207608455
0	0	0	1
0.485322707455284	0.873027275540114	0.0478042444902093	1.05606305445575
0.0937728381294608	0.00238638177931825	-0.995590759303816	2.30422163374760
-0.869291967325949	0.487665542503271	-0.0807080801256666	0.610713529905112
0	0	0	1
-0.708691064977937	0.702058967057959	0.0697866835001416	1.13791458181488
0.0542151394667503	0.152814735255328	-0.986766626584749	2.09792394598448
-0.703432792150777	-0.695529196700150	-0.146360662285350	0.574899812313081
0	0	0	1
0.293438528329309	0.951757198080435	0.0897333048205032	1.11135245369426
0.0436322256335913	0.0804338061699054	-0.995804514807641	2.07008523952355
-0.954981706096085	0.296122675131612	-0.0179249071046182	0.871412594275337
0	0	0	1
-0.296929061820567	0.954339542236843	0.0326981707367629	1.00559662264338
-0.0528956761454750	0.0177515139997755	-0.998442252308980	2.24024005771858
-0.953433364054075	-0.298196113109961	0.0452094949611327	0.193017150709870
0	0	0	1
-0.410209275231528	0.888014823495703	0.207745093241501	0.925592663269842
-0.244253351380746	0.112495447065084	-0.963164095431770	1.89514424154595
-0.878674371342022	-0.445841280773239	0.170753920907192	0.282984452362295
0	0	0	1
-0.175671649895180	0.984416625938985	-0.00796102995910548	1.08754845756307
0.123808988721382	0.0140700032538024	-0.992206313888511	2.01256356164461
-0.976632380036058	-0.175288167265627	-0.124351327623646	0.424500466456137
0	0	0	1
-0.259767870991254	0.963569086150348	0.0636809972916210	1.13247613869521
0.0631054704287355	0.0827424263908080	-0.994570957989891	2.25292210406355
-0.963606949332890	-0.254338961015307	-0.0823003044162951	0.681948227582080
0	0	0	1
-0.737672674524915	0.674378714511352	-0.0324403248022454	1.06537634210424
0.0946633591608796	0.0557351226234297	-0.993947908362671	1.71371936204432
-0.668489247252069	-0.736279122018387	-0.104953231432840	0.606893447171718
0	0	0	1
0.573100631732930	0.817221710932560	0.0608632983642577	1.06719335383211
0.139912209898956	-0.0243965981579703	-0.989863313553699	1.89411481888892
-0.807452933258966	0.575806808902759	-0.128321001370448	0.575576536382389
0	0	0	1
0.751826144757658	0.653844002014691	0.0851203212414675	1.32384919772243
0.0445035294858715	0.0784808981494144	-0.995921776290167	2.25728863689538
-0.657857799164939	0.752548184274651	0.0299056252699716	0.281578819161957
0	0	0	1
-0.673759172651595	0.736082735191720	-0.0650444787857831	0.952484723514164
0.112502494768565	0.0151825224431791	-0.993535444603317	2.37043901847972
-0.730336748314562	-0.676721285290287	-0.0930405078252183	0.635320404739130
0	0	0	1
0.896015728951988	0.443079479327155	0.0289203815641288	1.14680354413523
0.0309542555752453	0.00264269081888459	-0.999517308628029	2.30566882019992
-0.442942036312224	0.896478438772742	-0.0113473029027617	0.452546658111055
0	0	0	1
-0.0786797232545141	0.996533785308103	0.0270169555667689	1.14648188966241
0.0718682682819344	0.0327005295272383	-0.996877940062270	2.34407377130436
-0.994306015853645	-0.0764924186317958	-0.0741920260480137	0.436710403904394
0	0	0	1
-0.614382520107394	0.788623243736088	0.0246474831505832	0.984461295300566
0.109843211196277	0.116424979980655	-0.987106728267311	1.99983933155391
-0.781324892692264	-0.603753760630668	-0.158154382119964	0.447607582864690
0	0	0	1
-0.560813150274491	0.825467540829557	0.0639683477667274	1.09433380947781
0.148742257533001	0.176455337474929	-0.973005269616047	2.12566566930977
-0.814471823517049	-0.536159354029576	-0.221740379235267	0.503166682158286
0	0	0	1
0.664705857337886	0.743221894924092	0.0760745563651131	1.12609870656836
0.165973196544861	-0.0476189546307090	-0.984979864356911	2.06399825890302
-0.728436010401317	0.667348222493565	-0.155007511706020	0.437585333925922
0	0	0	1
0.807378986206677	0.589470030826987	-0.0257731524790764	1.27792749062652
-0.0766741108290279	0.0615073281510192	-0.995157238486612	2.26272959846669
-0.585030130301386	0.805445175875152	0.0948568147208701	0.351750872865871
0	0	0	1
-0.180979463845953	0.983187738375174	0.0242549948410770	1.06107049709492
0.108401295072965	0.0444537216074144	-0.993112796142389	1.81556045432983
-0.977494548778936	-0.177103748531644	-0.114624034842195	0.612752854111924
0	0	0	1
-0.322056786375872	0.942934826823797	0.0845774125403568	1.07505815299656
0.126471919768792	0.131387898731439	-0.983230427507679	2.32187543561321
-0.938234661403661	-0.305959364017042	-0.161569142199385	0.715275641773973
0	0	0	1
0.107066895032961	0.993843525321542	0.0284908259699457	1.07737216160597
0.191890280273553	0.00746139470937005	-0.981388021083164	2.25544457895346
-0.975558711879781	0.110541280820514	-0.189910044257859	0.614228850471548
0	0	0	1
0.581001008025679	0.813888727465561	0.00479249179800656	1.04407760592652
0.0963443037039180	-0.0629268853607325	-0.993356925904584	2.22569219246603
-0.808180427761618	0.577603104565139	-0.114974126566639	0.796204992174098
0	0	0	1
-0.372773825318121	0.910404675556692	0.179451948672086	0.855193105440489
-0.129714758336408	0.140365754903567	-0.981565859390025	1.74015753443548
-0.918811055999775	-0.389179626361486	0.0657682430791031	0.251466037149961
0	0	0	1
0.537980975965927	0.840388938183009	0.0657487800524335	1.08198896206789
0.126141256857279	-0.00313940975642854	-0.992007322263726	2.25792158102700
-0.833465567865413	0.541974701149431	-0.107696659636079	0.572315894088081
0	0	0	1
-0.397726689260333	0.915630933846678	0.0585958499646162	1.11535330988477
0.160879126760705	0.132471730622168	-0.978043530298463	2.11434437014522
-0.903289204641973	-0.379567166083987	-0.199993447913284	0.617584804696021
0	0	0	1
0.579577998069440	0.811290493614703	0.0767924418431413	1.43975935075390
0.0326826096688627	0.0710168563240753	-0.996939543374160	1.96082262000869
-0.814261132057188	0.580314002147335	0.0146447168866242	0.437877069811758
0	0	0	1
-0.426114220252856	0.900922741885414	0.0822489176340194	1.16182153588292
0.0696117312836994	0.123298931556411	-0.989925037740098	1.90971264372911
-0.901987182927776	-0.416095646012686	-0.115254219893671	0.728604757542929
0	0	0	1
-0.895067686810760	0.421067728747439	0.146818949167699	0.848289592664706
-0.187363275479190	-0.0563360812644699	-0.980673874919421	1.81604817646277
-0.404658916902795	-0.905277975958344	0.129317234798076	0.424476346511090
0	0	0	1
-0.635056640772887	0.771737783548876	0.0335239683409468	1.11233328539816
0.117416914156585	0.139333794097806	-0.983259559878395	2.24815694517129
-0.763489575095955	-0.620489232191324	-0.179099920308246	0.568546321098693
0	0	0	1
-0.349414837041107	0.935409272180122	0.0540255974052334	1.07492164401752
-0.247508504113149	-0.0365356042372993	-0.968196617436090	2.00426324099685
-0.903686235397667	-0.351674058102771	0.244287831891646	0.335293846756293
0	0	0	1
0.834924088190250	0.542283800754846	-0.0939683265710203	1.06684828197288
-0.0904273392472661	-0.0332504973518978	-0.995347829023860	2.16940294056581
-0.542885497389955	0.839537184325227	0.0212756400357496	0.508319362908585
0	0	0	1
-0.135121670180829	0.977977637835809	-0.159065628407376	1.18226960029176
-0.00118718676133882	-0.160697603789984	-0.987002974019710	2.03820116361296
-0.990828302399127	-0.133176649714760	0.0228747707226837	0.312504249827859
0	0	0	1
0.394342606247872	0.915845300638482	0.0756392371460995	1.12561563952205
0.0982298317889267	0.0398286801452405	-0.994366419578118	1.79358306929094
-0.913698423466055	0.399551075003305	-0.0742571842945102	0.685282233776679
0	0	0	1
-0.249642142663395	0.966788276623455	0.0547652151450088	1.09897648213734
-0.0285712851350769	0.0491772321641707	-0.998381330706059	1.76950415168297
-0.967916567826049	-0.250802767169985	0.0153456739089394	0.690628822921377
0	0	0	1
-0.138599720456799	0.968461411296499	0.207057026731502	0.818196513588665
-0.0728155475998745	0.198543672987833	-0.977383397620520	2.15315984549769
-0.987667967242548	-0.150542036475176	0.0430009504183221	0.315801091085318
0	0	0	1
0.0868382225168517	0.994848097945833	0.0523104685858537	1.12562492510553
-0.0295958506120586	0.0550618855639351	-0.998044224663764	1.92153404563216
-0.995782711607639	0.0851202136492969	0.0342248519592940	0.208441454654627
0	0	0	1
-0.547740676037130	0.812683460268793	0.198810827723060	0.935904238893625
-0.195785981888309	0.106523124066634	-0.974843922551254	2.29569798035140
-0.813417482668291	-0.572886042284698	0.100764981243269	0.277247723702273
0	0	0	1
-0.312558108657651	0.947332905884100	-0.0697695789118629	1.20800225205391
0.191852175251571	-0.00897858508546268	-0.981382763177092	2.29175850308882
-0.930322616925759	-0.320124585808478	-0.178941549108522	0.782381329768949
0	0	0	1
-0.767264940710947	0.626085386435489	0.139002156989567	0.732958875386011
-0.203374618068484	-0.0319727112220245	-0.978578821793427	1.78577515542193
-0.608229623975457	-0.779098732272771	0.151861416724711	0.407601666717005
0	0	0	1
-0.836566009049923	0.537525890133818	0.105939746734317	0.617005763238936
-0.127882792254922	-0.00355921043161337	-0.991782901378214	1.86295518510125
-0.532731925031125	-0.843239734273090	0.0717178262057685	0.210919294595953
0	0	0	1
-0.661144558768596	0.729870453464036	0.173715265796883	0.960480356536024
-0.291774735387573	-0.0368175117460955	-0.955778203674021	1.65139534720519
-0.691198507087646	-0.682593284459369	0.237299455985006	0.422115119112269
0	0	0	1
0.0741526369061271	0.996529033227486	0.0378321605854022	1.08313225157541
-0.00642263320261190	0.0384130431417423	-0.999241306141482	2.03816412407333
-0.997226221186854	0.0738533956652109	0.00924876889672260	0.701295178603350
0	0	0	1
-0.00607084275267295	0.999944204298293	-0.00864483421045127	1.14714313353985
0.202681049624763	-0.00723513685131184	-0.979218078324613	2.39474842213056
-0.979225988723378	-0.00769682304568964	-0.202625817515258	0.604130420160860
0	0	0	1
0.766262120950051	0.639684755429298	0.0603802589302899	1.52123072160822
-0.0275186818978497	0.126559547908826	-0.991577229962305	1.95675050586248
-0.641938536110533	0.758146486178280	0.114581068906659	0.414343314783047
0	0	0	1
0.290249665944685	0.956893681760393	0.0104696335197626	1.01358705636234
-0.0363864807268489	0.0219683089066701	-0.999096300375542	2.30085527254211
-0.956258937442842	0.289606414312287	0.0411942878305484	0.254464875829333
0	0	0	1
-0.770911008094624	0.636834543401392	0.0117465709580194	1.16762272031498
0.0711001643001163	0.104366870922808	-0.991994114342559	1.84267390191331
-0.632962071719173	-0.763903999586678	-0.125736610342612	0.639605301162637
0	0	0	1
0.153996499974285	0.987577058149770	0.0312511153707577	1.03659005161961
0.0641755278386694	0.0215645008316309	-0.997705604840682	2.13864006653347
-0.985985080831500	0.155648727974658	-0.0600574213363580	0.591755584919534
0	0	0	1
-0.402049874000157	0.914313471038687	0.0488546363577430	1.11718706723231
-0.162099808495157	-0.0185628189071485	-0.986599753618484	1.95423708601460
-0.901154565489346	-0.404581633828588	0.155673217562620	0.403529641819842
0	0	0	1
-0.262279218877944	0.960697933299786	0.0909345495304011	1.27155833961241
-0.125110842492073	0.0595850459331669	-0.990351906845272	1.75946321035598
-0.956847369456435	-0.271125622645046	0.104565808511372	0.364622752636348
0	0	0	1
0.665180710988306	0.746245055808755	0.0255526595500461	1.10039038431736
0.00234882982363900	0.0321301957106449	-0.999480932045257	1.79716939643585
-0.746678715866169	0.664895455845943	0.0196195837841734	0.652536808853156
0	0	0	1
-0.116423715765140	0.984784887195692	0.129012574419731	0.689886579745687
-0.0632673021670856	0.122278688782423	-0.990477243931505	1.83809671254472
-0.991182509371476	-0.123477318648488	0.0480685437208502	0.194125062259185
0	0	0	1
-0.276252229379846	0.960219045699554	-0.0407932597190194	1.09103400269798
-0.0613145721865968	-0.0599667785213823	-0.996315466461975	1.89245076952261
-0.959127326792559	-0.272733147507974	0.0754413762477497	0.0867790973300249
0	0	0	1
0.769772396388243	0.638101604302880	0.0166373178365156	1.34679506043896
-0.0520324283537436	0.0887041096016751	-0.994698048323905	1.72461474095138
-0.636194218897276	0.764825420292674	0.101483951025865	0.431119807392068
0	0	0	1
-0.218601549942830	0.975378446091442	0.0291590339832716	1.07453438346888
0.0310934600676930	0.0368290094635972	-0.998837734971476	1.97005898482961
-0.975318696172493	-0.217440821747379	-0.0383787693160342	0.694814945095652
0	0	0	1
